00.000111
00.001011
00.001010
00.010101
00.010010
00.010111
00.011000
00.010110
00.001110
00.010000
00.001011
00.001001
11.101111
11.111111
11.111011
11.110101
11.111110
11.111111
11.110000
11.111011
00.000001
00.000010
11.101111
11.110011
11.111111
11.111010
11.101001
00.001110
11.101011
11.110110
11.111001
11.111101
00.001011
00.001001
11.110101
00.001100
00.001010
00.001101
00.110001
00.011100
00.001100
00.001001
00.010000
00.001100
11.110100
11.110110
11.101000
11.101110
11.011110
11.100001
11.100111
11.100000
11.100100
11.111000
00.001101
00.010000
00.000101
00.010101
00.001111
00.001111
00.010111
00.000010
00.001011
00.000010
00.000111
11.111011
00.000100
00.010110
00.000001
00.000010
11.110001
00.000011
00.001001
00.000010
00.011101
00.000110
11.101100
11.110010
00.001000
11.110011
11.101101
11.110001
11.110011
11.100011
11.111000
11.100010
11.101111
11.111011
11.111001
00.001000
00.011001
00.010111
00.011101
00.100000
00.101000
00.011001
00.011001
00.001101
00.001011
00.000011
00.001011
11.110100
11.100011
11.101111
11.111010
11.110000
11.110001
11.110010
00.000101
11.111101
11.111100
00.000011
00.001010
11.111101
11.111110
10.0000000
10.0000000
11.110111
11.110111
00.001000
00.001011
11.111101
00.000101
10.0000000
00.000011
00.001111
00.011001
00.011001
00.011000
00.010100
00.010000
00.001100
11.110101
11.101111
11.110001
11.101011
11.101101
11.100000
11.110011
11.011111
11.101010
11.101000
11.111011
11.110101
11.110010
00.001110
00.000011
00.001101
00.001110
00.011111
00.000111
00.001110
11.101101
11.111010
11.111100
00.001000
11.110010
11.111010
11.111110
00.000110
11.111011
00.000110
00.000011
00.010011
00.000101
00.001010
11.111001
11.110011
11.110010
11.111100
11.100100
11.011111
11.110100
11.101001
11.111001
11.111001
00.000110
00.000101
00.000001
00.010101
00.011001
00.011111
00.010010
00.011101
00.001110
11.111110
11.110111
00.000010
11.101110
11.110100
11.111111
11.110011
11.111001
11.110010
11.111110
11.111101
00.000111
00.000000
00.001010
11.110100
11.111001
11.101111
00.000100
11.110111
11.111010
00.000010
11.110011
11.111101
00.000111
00.000010
11.111110
11.111100
00.000101
00.011110
00.001101
00.100001
11.111101
00.000101
00.010001
00.010000
11.111100
11.110110
11.110000
11.110011
11.110101
11.100001
11.110001
11.110011
11.111100
00.000110
00.000110
00.000111
00.001101
00.100001
00.001011
00.010000
11.111111
00.010110
00.000010
00.010010
11.111101
11.101011
11.110000
00.000000
00.000011
00.000110
11.111001
11.111001
00.001000
11.111101
00.001001
11.111111
11.111110
00.000110
11.110100
11.111000
11.111011
11.111001
11.100111
11.111101
11.110011
00.000000
11.111100
11.111100
00.010110
00.010110
00.010111
00.010110
00.001101
00.001110
00.000001
00.010000
00.000110
11.110010
00.000001
11.111001
11.110010
11.110011
11.110010
11.111010
11.110101
11.111011
11.110011
00.000001
00.000100
11.111000
00.000101
11.111110
00.001111
10.0000000
00.001001
11.111111
11.111100
11.111111
11.111101
00.000001
00.001111
00.000000
00.001101
11.110010
00.010010
00.000010
00.010011
00.010111
00.010110
00.001011
00.001011
10.0000000
00.010001
11.111000
11.110111
11.101111
11.101110
11.101011
11.100111
11.101110
11.111001
11.111011
00.000000
11.111110
11.111101
11.111111
00.010011
00.010110
11.111111
00.000011
00.010010
00.000011
10.0000000
11.101111
11.111110
11.111110
11.110001
11.110111
11.111001
11.111110
11.111010
00.000101
00.000010
00.000010
00.011011
11.111100
11.111111
00.000000
00.000100
11.111101
11.101111
11.101101
11.100011
11.111000
11.111011
11.111111
00.000101
00.001111
00.000110
00.011101
00.100000
00.000011
00.010011
00.011011
00.000111
00.001010
11.110011
11.101100
11.100111
11.110100
11.110010
11.111110
11.111001
11.110011
11.110110
00.001010
00.000000
00.000010
00.001010
00.000101
11.111110
11.111100
00.001011
00.001101
11.101110
11.110011
00.000111
11.101111
11.111010
11.110011
00.000111
00.001000
11.111100
00.001010
00.001111
00.011100
00.000111
00.000100
00.000100
11.110110
11.111111
00.000110
11.110001
11.101111
11.111010
00.000110
11.110110
10.0000000
11.110111
11.111111
00.000010
00.000011
00.000110
11.110110
00.010001
00.001010
00.001100
11.111111
00.001011
00.001100
00.001010
11.111001
11.101010
11.111101
00.000000
00.000000
00.000100
11.111000
00.000000
00.000110
10.0000000
11.111101
11.111111
00.000110
00.001101
11.101011
11.101111
11.100111
11.111011
11.101011
11.110111
11.101101
11.110101
11.111001
11.111110
00.010110
00.001111
11.111100
00.001110
11.111001
00.001111
00.001110
00.000000
00.011101
11.111110
10.0000000
00.000010
11.101111
00.001100
11.111101
00.000001
00.001001
11.111010
00.010000
00.001001
00.001101
00.000001
00.000011
00.000110
11.111100
11.111011
11.111010
11.110010
11.110000
11.110110
11.111100
11.110000
11.110110
00.010001
00.010010
00.001101
00.010100
00.000111
00.011101
00.100100
00.011000
00.011110
11.111111
00.010111
00.001101
11.111110
11.101101
11.111101
11.111111
11.111100
11.101000
10.0000000
11.110110
00.000010
00.001000
11.111111
00.010110
00.001010
00.001011
00.001001
00.000001
11.111000
11.111111
11.110101
11.101001
11.111100
11.110111
11.110001
00.000001
11.111110
00.011110
00.001101
00.001010
00.010111
00.010000
00.001001
00.001001
00.001101
10.0000000
11.111011
11.111011
11.110001
11.101001
11.110011
10.0000000
11.011111
11.111100
00.000001
00.000011
11.111110
00.010011
00.001010
00.001110
00.001101
00.010011
00.001001
00.000000
00.001000
00.000100
00.000100
11.111011
11.111001
11.110010
11.110001
00.000010
00.001011
00.000010
00.000100
00.000000
00.001000
11.111101
00.000001
00.000101
11.111111
11.111101
00.000000
00.000100
11.100010
11.110111
11.111111
00.001010
00.001000
11.110111
11.111100
00.001011
00.000101
00.010101
00.001100
00.100011
00.010111
11.111111
00.001011
00.000011
11.111101
11.110010
11.101101
11.111000
11.100100
11.100101
11.101110
11.111001
11.101111
00.000011
00.000100
00.010111
00.000011
11.111110
00.000000
00.001110
00.000100
11.110010
11.110110
11.101111
11.110101
11.111010
00.000111
00.000010
00.001111
00.010011
00.001101
00.011111
00.010110
00.001010
00.000011
00.001000
11.110110
11.110110
00.000001
11.110110
11.101101
11.110011
11.101110
11.101101
11.111101
11.110001
11.100101
11.111011
00.000010
00.001000
00.010011
00.100011
00.010101
00.001100
00.000100
11.111010
11.111101
11.110110
11.110010
11.111101
00.000010
00.000110
00.000001
11.110010
00.000001
11.111010
11.111001
00.010010
11.111000
11.111111
00.000000
00.000100
11.111101
11.101101
11.110111
11.100100
11.110101
11.110111
11.111000
11.110011
11.110000
00.000101
11.111100
00.100001
00.101010
00.001101
00.010011
00.010000
00.010101
00.010010
00.011001
00.000000
00.000010
10.0000000
11.100110
11.111010
11.110000
00.000101
11.101010
11.111000
00.001011
00.000011
11.111100
00.001100
00.001100
00.000101
11.111000
00.010110
11.111100
00.000110
11.110011
11.111010
11.110011
00.001111
00.001100
00.001110
00.001111
11.111011
00.001000
00.001100
00.011101
00.010100
00.001110
11.111001
11.110011
00.000000
11.100111
11.100011
11.011100
11.110101
11.101000
11.101001
11.101001
11.111100
11.101011
11.111011
11.111111
00.001101
00.010101
00.001011
00.010100
00.001000
00.001110
00.001100
00.001100
00.000101
00.001111
11.110110
11.101110
11.111100
00.010100
11.101101
11.110110
11.110001
00.000101
11.111110
00.001000
11.111100
11.110100
11.110010
11.101101
11.101011
11.101110
11.110001
11.110001
11.101111
11.111110
11.110101
00.001001
00.000010
00.000110
00.011100
00.001110
00.010010
00.010010
00.011111
00.011000
00.010111
10.0000000
00.000001
00.000010
11.101101
11.110000
11.101100
11.010101
11.100001
11.100100
11.100001
00.000011
11.110100
11.111000
11.110100
00.001101
00.001000
00.010000
00.001011
00.001100
00.000101
00.000110
00.000010
00.001101
11.110000
00.010101
11.111111
00.000011
00.010000
00.000100
11.111111
00.001101
00.001011
11.111110
11.111111
00.000101
11.111011
11.110010
11.101010
11.100100
11.101011
11.100001
11.010101
11.100111
11.111011
11.111110
00.000001
00.010110
00.000101
00.010001
00.011011
00.010010
00.010000
00.010110
00.011010
00.010011
10.0000000
11.110101
00.000110
11.110010
11.110000
11.111111
11.111010
11.101001
11.100101
11.111100
11.111010
11.101110
00.000110
11.111011
00.001010
11.101111
11.101101
10.0000000
11.101100
11.110100
11.110010
11.110100
00.000000
00.011010
00.100101
10.0000000
00.011010
00.001111
00.011010
00.001111
00.010011
00.001010
00.010101
11.111001
11.101111
11.101110
11.011111
11.100010
11.011101
11.101001
11.010111
11.101101
11.101100
11.111000
11.101100
00.000110
00.000110
00.000011
00.001010
00.000101
00.000111
00.001011
00.011010
00.010001
00.001100
11.111101
00.010101
11.111101
00.001100
00.001111
00.010010
00.001100
00.011000
00.010011
00.011110
00.001101
11.110100
00.000001
11.111011
11.111000
11.110110
11.011110
11.110100
11.011011
11.101010
11.110010
11.110010
00.000111
00.001110
00.011001
00.100010
00.001100
00.001101
00.100010
00.000110
00.010111
00.001000
00.001001
11.111110
11.111011
11.110101
11.101110
11.111100
00.000000
11.111011
11.111010
11.111110
11.110101
11.111111
00.001010
00.001000
11.111100
11.110010
11.110011
11.110001
11.101100
11.110100
11.110111
10.0000000
11.101110
00.000100
00.001001
00.100100
00.100100
00.011011
00.100001
00.011011
00.100100
00.101010
00.100011
00.001010
11.110101
10.0000000
11.100100
11.110011
11.110010
11.010001
11.100001
11.101010
11.100110
11.101001
11.111101
00.000100
00.000000
00.010001
00.001100
00.000000
00.010011
11.111101
00.000010
00.001000
11.111011
00.000110
00.001100
11.110111
11.111100
00.000011
00.010101
11.111100
00.000100
00.010010
00.000110
00.010101
11.111000
00.000001
11.101111
11.101001
11.101001
11.101000
11.011101
11.011101
11.101010
11.011011
11.101111
11.110111
10.0000000
11.110110
00.000110
00.011110
00.100010
00.001001
00.100000
00.001110
00.010010
00.001001
00.000100
00.000101
11.111010
11.111010
11.101011
00.000000
11.100010
11.110100
00.010110
11.101101
11.111110
11.111000
11.110001
00.010111
11.111010
00.001000
00.000011
11.110010
00.000001
11.111110
11.101110
00.000010
11.111101
00.010111
00.010010
00.001001
00.011111
00.011011
00.001110
00.100000
00.010100
00.001011
00.001001
00.000000
11.110100
11.110110
11.101011
11.011100
11.100011
11.101101
11.100100
11.101010
00.000011
11.101111
11.111111
00.000100
00.000100
00.000110
00.001111
00.010111
00.011011
00.000000
00.010101
00.010000
00.001110
00.001000
00.000111
00.000100
00.001010
11.111010
11.110110
11.110110
00.010010
00.011001
11.111011
00.001010
00.001111
11.110100
11.101101
00.000000
00.000001
11.011101
11.011101
11.111001
11.101001
11.100101
10.0000000
00.000000
00.010000
00.001100
11.111101
00.011101
00.011111
00.010010
00.100001
00.001001
00.001011
11.111110
11.110000
11.111100
11.110111
11.110001
11.100101
11.101010
11.111010
00.000001
11.111111
11.110111
11.110110
11.111000
11.111110
00.010100
00.001100
11.110100
11.111000
11.110011
11.111010
00.001110
00.000010
00.000010
11.111011
00.001100
00.000110
00.001011
00.001010
00.010010
00.100011
00.010100
00.010110
00.000000
00.000010
11.111001
11.111011
00.000100
11.100100
11.011000
11.111011
11.111000
11.011111
00.000000
00.000010
00.001001
00.001000
00.000000
11.110010
00.001111
00.000100
00.001100
00.011000
00.000111
00.001000
00.010101
00.000001
00.001101
11.111010
00.001010
00.000000
11.110110
00.001111
11.111001
11.111110
11.111101
11.111101
00.000000
00.001101
11.110100
00.000011
00.000001
11.110010
11.110100
11.101110
11.100010
11.110111
11.111101
11.110011
00.000011
00.001011
00.000111
11.111101
00.100101
00.010001
00.000101
00.000101
00.011111
00.001101
00.000001
00.000000
11.100111
11.111000
11.100111
11.100011
11.111100
11.100101
11.101001
11.111000
00.000110
11.111011
00.000000
00.001001
00.001011
00.010011
00.001100
00.000111
11.111100
11.111001
00.001001
11.101110
00.000100
11.111111
11.111100
11.111111
00.000100
00.001011
11.111111
00.011101
11.111111
11.111010
00.000001
00.000001
00.000011
00.000111
11.101000
11.111100
11.110001
11.101100
11.101010
11.101101
11.110011
11.101100
11.111010
11.111110
11.111110
00.000010
00.000110
00.010010
00.010010
00.010110
00.010011
00.000110
00.001001
11.110110
11.110000
11.111101
11.111000
11.101100
00.000000
00.001001
11.111111
00.011000
00.001000
00.001100
00.000101
11.111001
00.001111
00.000010
00.000000
11.111001
11.110110
11.101101
11.101010
11.110001
11.101110
11.111100
11.111101
11.110100
00.001001
00.001001
00.001110
00.000111
00.010010
00.000110
00.000110
00.000001
11.101001
11.110001
11.101101
11.111100
11.110100
11.101100
11.110010
11.101010
11.111110
11.111100
11.111110
00.011111
11.111110
00.001100
00.001000
00.001010
00.000010
11.110111
11.111010
11.100000
00.001100
11.110111
11.111111
00.000100
11.111000
00.000110
00.001010
11.111101
00.011110
00.000110
00.001101
00.001100
00.011011
00.000011
11.111111
11.111000
00.000101
11.110011
11.101111
11.110010
11.100111
11.100101
11.111011
11.110010
11.110011
00.001000
00.000001
00.001011
00.001001
00.010101
00.000010
00.001100
00.011000
00.000100
11.111001
00.000010
11.101010
00.000001
11.011101
11.101001
11.110101
10.0000000
00.010111
00.000110
00.010101
00.011001
00.011100
11.111101
00.000111
11.111000
00.000111
11.111100
11.111001
11.110001
11.111101
11.110110
00.000011
11.100011
00.000000
11.110100
11.101110
00.001001
00.011001
00.011000
00.010000
00.001000
00.000011
11.111010
00.001110
00.001010
11.111000
11.110010
11.110000
11.110100
11.111011
11.110010
11.110000
00.000100
00.000111
11.110100
00.001011
00.000101
00.001001
00.000010
00.001001
11.111010
00.000111
11.101101
11.111110
11.111011
11.111111
11.101100
11.110001
00.000101
11.111001
00.010101
00.010011
00.001001
00.011001
00.010100
00.010100
00.001000
00.001111
00.000101
00.000101
11.110101
11.110000
11.110000
00.000010
11.011011
11.110100
00.001011
00.000010
00.001110
11.111010
11.111111
00.010011
11.111011
00.000000
11.101110
00.000101
11.111110
11.111001
11.111001
00.000001
11.111010
00.000110
11.101011
00.000000
11.110111
11.111011
00.001011
00.001000
00.010000
00.001011
00.001000
00.000010
00.000001
11.110010
11.111000
11.111110
11.111010
11.101000
11.100110
11.111011
00.000010
11.101111
11.111100
00.000110
00.010010
00.001111
00.001000
00.000011
00.000001
00.000000
11.111011
00.000110
11.110101
11.110111
11.111111
00.000111
11.101111
11.110000
11.110100
11.111111
00.010010
00.000000
11.111011
00.001100
00.010011
00.000011
11.111111
00.000100
11.110111
11.111110
11.110000
11.100110
11.111111
11.101110
11.110010
11.111010
00.000101
11.110000
00.000111
00.001001
00.101100
00.000110
00.001011
00.100000
00.000111
00.000000
00.001010
00.011011
11.101111
11.101100
11.111110
11.110101
00.000000
11.111110
11.111100
11.111110
00.000001
00.000000
00.001001
00.001011
00.001001
00.000010
00.001000
00.000101
00.010010
11.111010
11.111000
10.0000000
00.000101
00.000100
00.000011
00.000010
00.000011
00.001000
00.000110
11.111101
00.001000
00.010010
00.001100
00.001011
10.0000000
00.000100
11.111101
11.110101
11.110111
11.100110
11.100110
11.100000
11.110111
11.110011
11.110110
10.0000000
00.001010
00.000001
00.001000
00.001001
00.010110
00.010000
00.000001
00.001010
00.000110
11.111001
10.0000000
00.000010
00.000110
00.000011
00.000010
00.010001
00.000001
11.111110
00.000000
11.111101
00.010011
00.000011
11.111111
11.110100
11.110010
11.111010
11.100101
11.011100
11.100001
11.110101
11.101110
11.101111
00.000101
11.111101
00.010010
00.001011
00.001111
00.010011
00.100100
00.100001
00.001110
00.001111
00.001111
00.000110
11.111010
00.001001
11.100001
11.111100
11.100010
11.110100
11.111110
00.000001
11.110000
00.000100
11.110111
00.001011
11.111010
11.111001
00.001010
00.000000
00.000001
00.000001
11.111010
11.111011
11.111100
00.001110
00.001010
00.000010
00.000010
00.001001
00.010111
00.010000
00.010010
00.010111
11.101101
11.111110
11.111100
11.100100
11.111011
11.110110
11.101010
11.010100
11.110010
11.101000
11.100111
11.110101
11.111010
00.000001
00.010110
00.010110
00.001110
00.010010
00.011011
00.010001
00.000010
00.001110
00.000001
11.110111
00.001110
00.001111
11.111010
11.111100
00.000111
11.111111
11.110110
00.001001
00.001111
11.111101
00.000101
11.110001
11.111101
11.111011
11.111100
11.101110
11.111101
11.111110
11.110000
11.110100
11.110101
11.110100
11.110110
00.010011
00.000000
00.011100
00.011010
00.011100
00.011011
00.011100
00.000010
00.001001
00.000010
00.000111
11.111101
11.101000
11.100100
11.110001
11.110000
11.100110
11.111100
11.110101
00.000011
11.111001
11.110001
00.001111
00.000110
00.001010
00.010100
00.001000
00.001110
11.111101
00.000110
11.111110
11.111000
11.111010
00.000001
00.001110
00.001010
00.100010
00.001111
00.001011
00.000101
00.010000
11.111010
11.110110
00.000110
11.101111
11.110110
11.101111
11.100110
11.101010
11.100101
11.101110
11.100110
11.110101
11.110101
11.110000
00.010010
00.011100
00.100101
00.001110
00.100000
00.100000
00.001100
00.001000
00.001010
11.111101
00.001010
00.001000
11.110101
11.101100
11.110001
11.101011
11.101011
11.111100
11.111100
11.110001
00.000000
11.111100
11.111110
11.110101
11.110100
11.101000
11.111111
10.0000000
10.0000000
11.110011
11.110000
00.000110
00.000110
00.010010
00.000011
00.100100
00.001001
00.011001
00.010111
00.010110
00.000101
00.010010
11.111111
00.001010
11.101000
11.011010
11.101000
11.110010
11.100001
11.101010
11.100110
11.111101
11.110011
11.100111
11.110101
00.000101
00.011011
00.001000
11.111101
00.001000
00.011101
00.011010
00.001110
00.001100
11.111011
00.010000
00.001000
00.000110
00.000111
00.010001
00.011011
00.010000
00.001011
00.001011
11.110101
11.111110
11.111001
11.110111
11.110101
11.101101
11.100110
11.100110
11.110100
11.111100
11.100001
11.101101
00.000101
00.001111
00.011000
00.000101
00.010011
00.010111
00.011100
00.000000
00.010010
00.001100
00.000110
00.001111
11.111111
11.111000
11.110010
11.110010
11.110110
11.110000
11.101010
11.111010
00.001011
11.111111
11.111000
11.111101
11.101100
11.100111
11.101001
11.110000
11.110001
11.110000
00.000001
11.110010
11.110110
11.111011
00.001110
00.001110
00.011110
00.100010
00.001111
00.001100
00.011010
00.011111
00.001000
00.011110
11.110010
11.111011
11.110010
11.101001
11.101000
11.100001
11.001101
11.111011
11.100010
11.111101
11.111100
00.001001
11.111110
00.010011
00.001010
00.001100
00.000100
00.011011
00.010100
00.000111
11.111100
00.001101
00.000000
00.010010
00.001010
00.000010
11.111101
11.110111
00.011010
00.001010
00.001110
00.000101
00.010001
11.111011
11.101001
11.110001
11.101010
11.100111
11.100001
11.100101
11.111010
11.111101
00.000101
11.110010
00.000010
00.001001
00.010101
00.010110
00.010100
00.100001
00.010000
00.011000
00.011100
00.011010
11.111010
11.111010
00.001100
00.000000
11.101000
11.100000
11.110001
11.011100
11.110011
11.101011
11.111110
11.110011
11.111011
11.111011
11.111100
00.000000
11.111100
11.111011
00.000100
11.100100
11.101011
00.000101
11.111100
11.111011
10.0000000
00.001011
00.011001
00.001010
00.001001
00.100010
00.001100
00.011100
11.111111
11.110010
11.101001
11.110000
11.101111
11.011100
11.100000
11.101111
11.111111
11.100010
11.110100
11.110111
11.110011
00.011010
00.000111
00.000101
11.111011
00.011101
00.010111
00.000010
00.000010
00.001001
00.000001
00.001011
00.000010
00.001000
00.001011
00.001011
00.000110
11.111111
11.110100
00.010000
00.010000
00.000000
10.0000000
11.101010
11.111011
11.011101
11.111110
11.101001
11.011110
11.101000
11.111100
11.101010
11.111001
00.001111
11.110101
00.000001
00.011011
00.001010
00.011001
00.001101
00.001111
00.011011
00.010011
00.001000
11.111110
00.000000
11.111001
00.000101
11.111001
11.101110
11.101101
11.111001
11.101101
00.000010
11.101100
11.111101
00.001011
00.001101
00.000101
00.000110
00.010100
11.111000
11.111011
10.0000000
11.110101
00.000011
11.111100
11.111100
00.000011
00.000101
00.001100
00.010101
00.011010
00.001101
00.000111
00.001100
00.010010
00.000001
11.110100
11.100000
11.011111
11.011111
11.100111
11.111000
11.011100
11.110001
11.110010
11.111010
00.000001
00.010010
11.111000
00.010111
00.011101
00.101000
00.010010
00.000110
00.001110
00.001101
11.111111
11.110001
11.111100
11.110011
11.111010
11.111101
00.000010
00.000101
00.000111
00.000110
11.110001
11.111111
00.000000
11.111100
11.101101
11.011111
11.111111
11.100101
11.101001
00.000010
11.101100
11.101011
11.111011
00.000110
00.001100
00.001110
00.001001
00.100101
00.101110
00.100000
00.000011
00.001010
00.011110
00.001101
00.000000
11.101100
11.110000
11.101010
11.101011
11.110011
11.111010
11.101101
11.110111
11.111111
00.010000
00.001001
00.000101
00.000101
00.000011
11.111000
00.001001
00.001101
11.110111
00.000100
11.110011
11.111001
00.000101
00.001001
00.000010
11.111101
00.000000
00.001100
00.001010
00.010100
11.111110
00.000010
00.001110
11.110101
11.111111
11.111001
11.101001
11.110110
11.101101
11.101001
11.101100
11.110100
11.111111
11.101110
00.000000
00.000101
00.010000
00.010011
00.001100
00.001000
00.001101
00.000000
00.010001
11.111111
11.110011
00.000111
11.101010
11.111101
11.110110
10.0000000
00.000101
11.111110
00.000000
11.111110
00.000100
00.000111
00.001001
00.001000
10.0000000
00.000101
11.111101
10.0000000
11.111100
00.000101
11.100100
11.110100
11.101010
11.111001
11.110111
00.001001
00.001101
00.010000
00.100001
00.001110
00.001110
00.010111
00.000110
00.000110
00.001010
11.110110
00.001000
11.101111
11.110010
11.100101
11.111010
11.101100
00.000010
00.000001
00.000110
00.001001
00.011100
00.000011
11.111100
11.110001
11.111001
00.000001
11.111010
11.110111
11.111001
00.000110
00.001000
00.010100
00.000010
11.101110
00.001101
00.100101
00.000111
00.001001
00.001100
00.011001
11.111100
00.000111
11.110010
11.110010
11.101111
11.101000
11.111110
11.111001
11.100100
11.100101
00.010101
00.000010
00.010100
11.111101
00.001000
00.001101
10.0000000
00.001000
00.010001
00.010001
11.110111
00.001001
11.111010
11.111100
11.110000
11.111100
11.101011
00.000100
11.111110
00.000111
00.000110
00.000110
00.001010
00.001000
00.001110
00.001111
00.000010
00.000110
11.111000
11.111001
00.000010
11.110110
11.110111
11.111111
11.110101
11.111001
11.101101
00.001101
00.011010
00.010001
00.100100
00.100011
10.0000000
00.001000
00.000011
00.001001
11.111111
11.111010
11.111010
11.111100
11.111110
00.000010
11.110110
00.001100
00.000001
11.111001
00.001111
00.001011
00.001110
00.011011
11.111110
00.000010
11.101011
11.110001
00.000101
11.111011
11.100011
10.0000000
11.111011
11.110010
00.000110
11.111000
00.010010
00.001110
00.010110
00.000110
00.001001
00.011011
00.001110
11.111100
00.000011
11.111100
11.110011
11.110010
11.110011
11.100110
11.110010
11.110111
11.110010
11.110110
00.000101
00.010001
11.111111
00.010011
00.010000
00.000011
11.111001
11.111000
00.001001
11.110010
11.111100
11.111010
11.100111
00.000000
00.001100
11.111100
00.001000
00.001000
00.001110
00.010100
00.010011
00.010000
00.010100
11.111001
00.000110
00.000100
11.110000
11.101010
11.110000
11.110000
11.101101
11.110010
11.110101
11.110100
11.111011
00.010101
00.001110
00.000111
00.000010
00.010001
00.010111
00.001110
00.010100
11.111000
00.000111
11.111110
11.111010
11.110110
00.000000
11.111110
11.111111
11.101010
10.0000000
00.001110
00.001101
11.100111
00.000001
00.000111
11.111101
00.000101
11.111001
11.101000
11.110010
11.101000
11.100011
11.100111
11.100011
00.001010
11.110101
11.111110
00.010001
00.000011
00.001111
00.001111
00.001101
00.100001
00.010110
00.000100
00.001111
11.101011
11.101110
11.101000
11.111101
11.111000
11.110100
11.100111
11.111100
11.110011
11.111011
11.111111
11.111110
00.001110
11.111101
00.001000
00.001111
00.001111
00.000011
11.110010
00.001000
11.110100
11.110100
11.110101
00.001010
00.000011
00.000101
00.001101
00.011001
00.010010
00.100010
00.010001
11.110000
11.111111
11.111110
11.110110
11.110101
11.110000
11.110011
11.101111
11.100010
11.110001
11.110010
11.110100
00.001010
11.111001
00.000010
00.001000
00.001001
00.010010
00.000100
00.010001
00.010011
00.010001
00.001110
00.000110
11.101101
11.111101
00.000101
11.101101
00.000111
00.000110
00.000110
00.010100
00.000101
10.0000000
00.001010
11.110110
00.000100
11.111110
11.111000
00.000010
11.101011
11.101110
11.110000
11.110111
00.000000
11.110111
00.000011
00.000111
00.011010
00.010001
00.101111
00.001010
00.100001
00.001110
00.000110
00.010010
00.010000
00.001001
00.001000
00.000101
11.110101
11.111100
11.110110
11.100110
11.101010
11.100011
11.111110
00.001100
00.010111
00.000011
11.111100
00.011000
00.001001
11.110001
00.000100
11.111101
00.000111
11.111010
00.000101
11.111110
11.111101
00.000100
00.011011
11.111010
00.010001
00.010111
00.010011
00.010111
00.010000
00.010001
11.111011
11.101011
11.101101
11.101000
11.101110
11.100011
11.110111
11.101010
11.110110
11.111011
11.101110
00.001000
00.001100
00.101101
00.001011
00.011011
00.100000
00.011011
00.001100
00.001111
00.000110
11.111111
00.000010
11.111010
11.110111
11.110101
11.110011
11.110111
11.101101
11.110101
00.010100
11.110100
00.000001
11.111100
00.000001
00.001111
11.101100
11.111001
11.110001
11.101000
11.101101
11.101100
11.110111
11.110111
00.000110
00.000011
10.0000000
00.100010
00.100011
00.011011
00.100101
00.011101
00.010111
00.000110
11.111110
00.000011
11.110000
11.111010
11.101100
11.011101
11.011111
11.100101
11.111110
11.101010
11.111110
11.101110
00.000100
11.110100
00.000101
00.000000
11.111100
00.001101
11.111110
00.000011
00.000001
11.111100
00.000001
00.010101
11.111101
11.111101
00.010101
00.010010
00.001110
11.111000
00.011001
00.001100
00.010111
00.001010
11.110000
11.111001
11.101111
11.100110
11.100011
11.100111
11.100110
11.100011
11.100010
11.110000
11.110001
00.000100
00.001011
00.011100
00.100010
00.011000
00.010101
00.001101
00.010010
00.010110
11.111011
11.110101
11.111101
00.001110
11.110100
00.000100
00.000001
00.000110
00.000000
11.111110
11.110111
00.000000
11.111111
11.111111
11.111111
11.111001
00.000101
11.111110
11.101010
11.110110
11.110000
00.000010
00.000000
11.111111
00.001001
00.010110
00.011001
00.010011
00.011101
00.110110
00.001111
00.011011
00.000110
00.001011
11.100111
00.000101
11.111001
11.110111
11.100100
11.110000
11.101000
11.111101
11.111010
11.110110
11.110110
00.000000
00.000101
11.111010
00.000111
00.010110
00.001101
00.010010
00.000100
00.001011
00.000011
10.0000000
00.100010
00.000011
00.000100
00.001110
00.001000
00.010011
00.010001
00.010010
00.001101
00.000001
00.000111
00.000000
11.111001
11.110011
11.100100
11.100011
11.101111
11.111001
11.101000
00.000010
11.011101
11.101001
00.000010
00.001000
00.100001
00.011100
00.100001
00.011101
00.010001
00.010000
00.000011
11.111111
11.111110
00.010001
00.000100
00.000100
00.000010
11.100100
11.110000
11.101111
00.000010
11.110110
11.111010
00.000010
11.111001
00.001000
11.111011
11.101110
11.110110
11.110011
00.000001
11.111011
11.101111
00.000110
11.111011
11.110100
00.001000
00.010000
00.010101
00.100010
00.010000
00.101111
00.011100
00.001110
00.010000
00.000000
00.000101
11.110110
11.011101
11.101111
11.111101
11.100010
11.101111
11.110010
00.000010
11.111000
11.111000
11.111101
11.111100
11.111001
00.000110
00.001100
00.001001
11.111101
00.000011
00.001011
00.001101
00.000100
11.111000
00.000010
00.001100
00.000011
00.001111
00.000011
00.001100
00.000111
00.000100
00.000100
11.111110
00.000010
11.110111
00.001001
11.110010
11.011100
11.101111
11.111101
11.110001
11.110111
11.111011
11.101110
00.000010
00.001011
00.011001
00.100011
00.011001
00.100000
00.010101
00.001100
00.001110
00.000110
00.001000
00.001101
11.110010
11.111111
11.101100
11.110001
11.110010
11.111011
00.000000
11.111110
11.110110
00.000010
11.111100
11.110110
11.111001
11.111011
11.110111
11.111010
11.111101
11.111010
00.001001
00.001100
00.000111
11.111101
11.111001
00.001100
00.001111
00.010110
00.011100
00.010010
00.010110
00.011011
00.000000
11.111100
11.101110
11.111000
11.101101
11.011011
11.101110
11.011010
11.101100
11.101011
11.111100
00.000000
11.111110
11.111101
00.010100
00.010101
00.011001
00.010000
00.010001
00.010011
00.001100
00.010111
00.000111
00.011000
00.001010
11.101111
00.000011
00.010011
11.111000
00.010000
00.000101
00.001001
00.000000
00.001000
00.010001
11.110100
11.111100
11.101011
11.110100
11.110011
11.101111
11.110011
11.101000
11.111011
11.111101
11.111010
00.000011
00.000000
00.001011
00.011110
00.011010
00.101111
00.000111
00.010010
00.010011
11.110111
11.111111
11.111101
11.110111
11.110101
11.111000
11.110000
11.110101
00.000001
11.100110
11.111100
11.111000
11.111101
11.101011
11.101111
00.000011
11.111010
11.101100
11.111101
11.101111
00.001010
00.001001
11.111100
00.001010
11.110101
11.110111
00.000011
00.001111
00.000101
00.011001
00.010110
11.111110
00.000001
00.000110
00.001001
00.000010
11.110001
11.110011
11.101111
11.100101
11.101110
11.100011
11.100110
11.011011
11.101000
00.001000
00.000110
00.001100
00.000011
00.010010
00.000001
00.011001
00.001111
11.110010
11.101101
11.110011
11.110001
11.110101
11.111100
00.000111
11.111011
00.000110
11.110110
00.000011
00.000000
11.111010
00.000000
11.111111
00.001010
11.111100
11.111100
11.101110
11.101101
11.101100
11.101111
00.000000
11.110000
00.000000
00.000000
11.111111
00.010111
00.001001
00.011100
00.011000
00.010011
00.001100
00.011000
00.010100
00.000100
11.111010
11.111101
11.101110
11.111010
11.110001
11.011011
11.101001
11.111001
11.101111
11.110110
11.111101
11.111001
00.000100
00.000000
00.000100
00.000010
11.110100
11.111101
11.101110
11.111011
11.111011
11.110001
10.0000000
00.000100
00.000111
11.111010
00.010110
00.000001
00.001100
00.011000
00.010000
11.111111
00.010101
00.000011
00.001110
11.110100
00.000010
11.110011
11.010110
11.100111
11.111111
11.111110
11.110111
11.111110
00.000100
11.111011
00.011010
00.010100
00.011101
00.010100
00.000100
11.111111
11.111010
00.000001
11.111101
11.100001
11.111000
11.111010
00.000100
00.001010
11.111101
11.110111
00.001001
11.110110
00.000011
00.001110
11.111000
00.000110
00.000111
11.101100
11.110110
11.101111
11.101001
11.111100
11.101000
11.111011
11.111111
11.110110
00.001010
11.110101
00.010100
00.001011
00.001100
00.010000
00.010111
10.0000000
00.001011
00.000000
00.000111
00.000011
11.111010
11.100001
11.101101
11.110001
11.111010
11.100010
10.0000000
00.000111
00.001101
00.000100
00.000110
00.000101
00.001110
11.111110
11.111111
11.101110
11.111101
11.110100
00.001000
11.101111
11.110011
11.110010
00.000010
00.000100
00.001001
11.111110
00.000101
00.010100
00.010100
00.010101
00.001001
11.110110
11.100111
11.101110
11.110001
11.111110
11.111011
11.110101
11.111111
11.110000
11.101101
00.000110
11.111101
00.010000
00.010010
00.011000
00.010000
00.001100
00.000011
00.000001
00.011000
00.000000
11.110101
00.000100
00.000111
11.110110
11.110110
11.110011
11.111100
00.000110
00.001101
00.001001
11.111000
00.001111
11.111011
11.110100
11.110111
11.111101
11.111100
11.110100
11.110000
11.100110
11.101100
11.110010
00.000011
00.001100
00.011100
11.111010
00.010100
00.000111
00.001100
00.001110
00.001100
10.0000000
00.010101
00.010011
10.0000000
11.111010
11.111111
11.110001
11.100110
11.111100
11.101100
00.000100
11.101110
00.001011
00.001111
00.001001
00.000001
00.001100
00.001111
00.000000
00.000111
11.111101
00.000001
11.111111
00.000010
11.101100
11.101101
11.110110
00.000011
00.001010
00.010000
00.010011
00.000101
00.000001
00.100100
00.010001
00.011110
11.111110
00.001000
00.000111
11.110010
11.110100
11.100111
11.110000
11.110110
11.111101
11.110010
11.110110
00.001000
00.001011
00.001111
00.000011
00.001111
00.010001
11.110010
11.111011
00.000011
00.000110
11.110111
11.111000
11.110010
11.101111
11.011101
11.110100
00.000110
00.001000
00.011001
00.000100
00.011001
00.011011
00.010010
00.000110
00.001000
11.111001
11.110011
11.100110
11.110000
11.111010
11.110100
11.110010
11.111000
11.100111
11.111011
00.001110
00.010010
00.011111
00.001101
00.010101
00.010000
00.001001
00.000101
00.000100
11.110111
11.110000
11.111100
11.111101
11.111110
11.110011
00.000010
11.111111
00.000011
11.111111
00.001010
00.001001
00.001100
00.000111
11.111011
11.110010
11.110000
00.010010
11.101011
00.000001
11.110000
11.110110
11.110010
11.111100
00.000011
00.000000
00.001111
11.111010
00.000111
00.000000
00.001101
00.011000
00.001001
11.111110
00.011010
11.110010
11.111111
11.111101
11.110110
11.111000
11.110000
11.011100
11.110101
11.111100
00.000011
11.110101
00.000010
11.111110
00.001000
11.111101
11.111100
00.000101
11.111010
11.110110
11.111000
11.110000
11.100111
11.111001
00.000111
11.111110
00.001110
00.001011
00.010001
00.010000
00.010101
00.101100
00.001111
00.000001
11.111100
11.111110
11.111111
11.110001
11.100011
11.110110
11.011011
11.110000
11.101000
11.110111
11.111111
00.000100
00.010000
00.010011
00.011010
00.010001
00.000111
00.001110
00.010111
11.111111
00.000110
00.001111
00.001001
11.110011
11.101011
11.101101
11.110111
11.110101
11.111010
00.000001
00.010111
00.000101
00.001110
00.010000
11.101101
11.101001
00.010100
11.101011
11.111001
11.111101
11.100011
11.101101
11.111010
00.000100
00.000001
11.111001
00.001010
00.010010
00.011010
00.010110
00.100000
00.010011
00.010111
00.001011
11.110001
00.000101
11.110010
11.110000
11.101010
11.110001
11.110001
11.110001
11.110101
11.110011
11.111001
11.111000
00.000011
00.001110
00.001010
00.000011
00.000010
00.001101
00.000010
11.111001
11.111011
11.111111
00.000111
00.001000
00.001001
11.111111
10.0000000
00.001000
00.000011
00.010110
00.001101
00.001110
11.111101
00.001000
11.101100
11.111010
00.000011
11.101010
11.101011
11.110110
11.011011
11.110101
11.101011
00.000110
11.111001
11.111110
00.000010
00.001110
00.001101
00.100011
00.010110
00.001010
00.000001
00.000001
00.000100
00.001100
11.111110
00.000001
11.111001
11.100010
00.001010
11.111111
11.111001
11.101011
00.000000
00.000111
10.0000000
11.100010
00.000010
11.101010
00.000110
00.000000
11.110000
11.110111
11.110101
00.000100
00.000010
11.110110
11.111111
00.011100
00.010011
00.011101
00.010000
00.010101
00.010111
00.010010
00.010101
00.000101
00.000100
00.000010
11.101111
11.100000
11.110111
11.101111
11.011011
11.100111
11.110001
11.101111
11.101011
11.110010
00.000110
00.000111
00.000110
00.010011
00.001010
00.000101
11.111000
11.111101
11.111101
00.000111
11.110110
00.000001
00.000110
00.011000
00.000100
00.011010
00.010001
00.001111
00.001110
00.010010
00.000110
11.111100
11.111001
11.101101
11.110110
11.110101
11.100110
11.100010
11.011101
11.101001
11.111101
11.111010
00.001011
00.010000
00.010110
00.010101
00.001101
00.011100
00.010000
00.010101
00.001110
00.010000
00.000110
00.000011
11.110001
11.111011
11.110000
11.100111
11.111100
11.110011
11.111101
11.111111
00.000100
11.111101
00.000001
00.000000
11.111001
11.111001
11.101101
11.101100
11.101000
11.100101
11.101011
00.000100
11.101010
11.110110
00.010010
11.111011
00.011010
00.100101
00.001010
00.011101
00.011101
00.100101
00.001000
00.101001
00.010001
11.111000
00.001001
11.110110
11.100001
11.100010
11.100010
11.110001
11.100001
11.110101
00.001001
00.000000
00.000010
11.111111
00.011010
00.001000
00.010011
00.001011
00.010000
00.010000
11.110010
00.001010
11.111011
00.000010
00.000111
00.001100
00.001110
00.010110
00.001100
00.001100
11.111111
00.000101
00.000111
11.101010
11.111010
11.100000
11.100100
11.101010
11.100011
11.100011
11.101010
11.101110
11.110000
00.000111
11.110100
00.010111
00.001011
00.010000
00.010011
00.100100
00.011010
00.001110
00.011011
00.010110
00.001000
00.001100
11.110001
11.111011
11.110011
11.101001
11.100111
11.111100
00.000001
00.001100
00.000110
11.111010
00.001110
00.000100
11.110111
11.110001
11.111000
11.111010
11.111011
11.110100
11.100101
11.111101
00.000100
11.111111
00.010101
00.001010
00.010010
00.100010
00.010110
00.001010
00.001110
11.111101
00.001011
00.000100
00.000101
11.111100
11.111001
11.100110
11.110010
11.011011
11.011101
11.001110
11.110101
11.100111
00.000001
00.000010
00.000010
00.010101
00.010111
00.001001
00.001011
00.001000
00.001101
11.111111
00.000111
00.000111
11.110011
11.110011
00.001001
00.000001
11.110101
00.010000
10.0000000
00.000100
00.000010
11.111100
00.000011
11.111111
11.110110
11.111010
11.011110
11.101100
11.011111
11.101111
11.101100
11.110001
11.100111
11.111110
00.001011
00.000101
00.001111
00.001111
00.100001
00.101001
00.100111
00.001100
00.010000
00.000000
11.110011
11.111011
11.101110
11.111011
00.000000
11.110010
11.100000
11.101100
11.110011
11.111001
00.001011
11.111101
11.111011
11.110101
00.001001
11.111010
00.001000
00.000000
11.110111
11.111110
00.001010
00.000001
00.001001
00.001111
00.010000
00.000001
00.010010
00.001101
00.010100
00.010010
00.000100
00.011001
00.010001
11.111110
11.111101
11.101111
11.101101
11.011100
11.100011
11.100111
11.100100
11.110000
11.110000
11.111101
11.101101
00.000101
00.010100
00.011010
00.010001
00.001101
00.010010
00.001011
00.001011
00.011000
00.001000
00.000111
11.110111
00.000010
11.111101
11.111101
11.110000
00.001011
00.000010
00.001101
00.000110
11.111110
11.111011
11.111001
11.110110
11.011010
00.001000
11.011111
00.000011
11.101101
11.100011
11.110000
11.111110
11.110100
00.000101
00.000010
00.011101
00.010110
00.101111
00.011101
00.001011
00.011001
00.000100
00.001110
10.0000000
11.111111
11.110011
11.010111
11.101111
11.101111
11.100101
11.110111
11.111001
11.111111
11.101110
00.000001
00.000010
00.001100
00.001011
11.110011
00.001010
11.110010
11.101001
11.111010
11.111011
00.000010
00.001000
00.000100
00.000110
00.010100
00.001100
00.001000
00.100010
00.100000
00.010011
00.000000
11.110101
00.010001
00.000000
10.0000000
11.100101
11.110000
11.110110
11.100011
11.110100
11.110110
11.110001
00.010010
11.111100
00.000011
00.001100
00.100000
00.011100
00.000010
00.000000
00.000001
00.000101
00.001100
11.111101
00.001100
11.111100
00.000011
00.001010
11.111011
11.101111
11.111000
00.010001
00.000001
00.000101
00.001000
11.110011
11.110010
11.111001
11.111001
11.111111
11.110100
11.101001
11.110101
11.110000
11.100111
11.111011
11.110010
00.011010
00.001110
00.010001
00.100011
00.010010
00.011001
00.010011
00.000000
00.100010
00.000011
00.001000
00.000010
11.110001
11.100111
11.100001
11.111000
11.110001
00.000110
11.110100
11.111010
00.000110
11.111100
00.000110
11.111000
11.110011
00.000100
00.001011
00.000010
00.000010
11.111110
00.001100
11.111100
11.110001
00.010011
11.111010
00.000111
00.000011
00.010000
00.010111
11.111111
00.011110
00.010001
00.000001
00.000000
11.110111
11.110010
11.110110
11.101100
11.101110
11.011010
11.101111
11.101010
00.000010
11.110001
00.000010
00.000011
11.110011
00.001111
00.001110
11.111001
00.001001
00.000010
11.111110
00.000000
11.110110
11.111100
00.000011
11.110100
11.111101
11.111000
00.000011
11.110100
00.000011
00.010011
00.001110
00.000100
00.010001
00.001100
11.100111
11.111101
11.111011
11.110101
11.110010
11.110110
11.100010
11.111100
11.110101
00.001000
11.111100
10.0000000
00.000000
00.010101
00.011100
00.011000
00.010001
00.011001
00.000100
11.111111
11.111011
11.110001
11.110011
11.100011
11.110101
11.111000
11.110100
11.111010
11.110100
11.110111
00.000010
00.001101
00.000001
00.001010
00.001000
11.111110
00.000111
11.110100
11.110110
11.110111
11.110100
11.110100
11.111011
11.110010
11.111100
00.000111
00.001011
00.001110
00.000100
00.001101
00.100011
00.010011
11.110100
11.111111
11.111111
11.111110
11.110000
11.111000
11.111010
11.110011
00.010010
11.110100
11.101000
00.000110
00.010000
00.001011
00.010010
10.0000000
00.010000
11.111010
00.000111
00.001011
11.110110
00.000000
11.110011
11.110100
11.101111
11.111111
11.110111
11.110101
11.110011
00.000010
00.000110
00.010000
00.010010
00.001111
00.001110
00.001001
00.001000
11.111000
11.101101
00.000001
11.110101
11.101110
11.100110
11.111110
11.100110
11.110100
11.110100
00.010100
00.011001
00.001100
00.000011
00.001100
00.010011
00.010001
11.110111
10.0000000
00.001011
11.111100
11.110100
11.101111
11.110011
11.110101
11.111110
11.110110
00.100000
11.111100
11.111000
00.000111
00.000000
00.010000
11.110101
00.001000
00.001011
11.111000
00.000010
11.111000
11.101000
11.111111
11.110111
11.111101
11.111100
00.010000
00.010001
00.000111
00.001110
00.001110
