
3.305, 0.0
-1.498, 2.21 
4.879, -12.119 
3.681, 2.835 
-10.065, -4.301 
4.4, -4.667 
1.246, 3.432 
-1.973, 14.408 
8.249, -10.025 
11.617, -4.956 
-3.763, -0.958 
-5.031, -0.003 
0.189, -8.835 
11.506, 2.425 
3.143, 3.539 
11.58, -5.875 
5.356, 2.629 
5.432, -1.067 
13.739, 7.126 
-3.806, -12.105 
0.579, -6.247 
-17.292, 9.147 
4.272, -7.603 
11.98, 6.442 
-3.251, 9.779 
-2.516, -10.892 
-1.971, 4.587 
1.118, 3.576 
-4.746, -3.181 
-8.91, 1.663 
1.795, 3.84 
5.521, 1.033 
4.521, -0.45 
9.206, -11.135 
0.706, 8.13 
9.157, 11.274 
5.185, -3.178 
7.766, -5.73 
-7.822, 3.065 
2.466, 5.65 
6.122, 0.588 
9.332, 9.328 
4.567, -13.806 
9.225, 4.178 
12.938, -14.072 
-8.33, -1.115 
3.024, 1.414 
7.532, 4.907 
-0.671, -1.609 
2.279, 1.858 
2.564, 5.088 
2.21, -0.744 
-5.146, 1.13 
10.324, -18.097 
2.663, 5.7 
4.607, -1.075 
-4.682, 1.056 
-0.519, -4.469 
0.325, -2.015 
3.904, 7.077 
10.934, -5.309 
5.292, -5.62 
-1.244, -9.005 
5.655, 6.926 
-2.776, 21.26 
11.126, 11.068 
1.074, 5.035 
0.425, -0.568 
1.413, 4.271 
14.332, -1.634 
8.77, 1.1 
-6.491, 2.015 
-3.236, -0.862 
9.006, 4.76 
-11.075, -10.123 
-7.75, -14.567 
8.284, -3.543 
5.521, 7.747 
7.834, 3.871 
4.144, -0.183 
10.528, -9.403 
-14.821, 0.165 
2.962, 2.491 
-0.422, -19.412 
5.449, -3.642 
7.502, 4.651 
-3.267, -8.405 
-5.589, 3.833 
14.421, 8.203 
2.757, -6.387 
1.39, -7.217 
9.592, 0.757 
18.92, 10.009 
5.547, -12.758 
-2.964, -5.944 
1.551, -2.411 
12.01, 3.441 
-1.277, 5.191 
1.88, 1.217 
-1.689, -3.296 
0.377, 7.422 
6.506, -7.226 
1.302, 2.714 
-6.491, -3.058 
-1.358, 4.084 
0.361, 3.625 
18.258, 1.554 
4.072, -0.826 
4.397, -7.404 
14.827, -20.087 
4.714, 4.732 
-10.064, -1.017 
5.722, 2.909 
-0.369, 3.963 
-1.536, 9.407 
7.037, 1.447 
-0.701, 10.672 
9.132, -0.769 
0.012, -0.538 
-1.626, 6.478 
4.151, 4.206 
3.564, 1.169 
23.542, 3.564 
8.277, 9.565 
3.368, 10.775 
9.873, -5.092 
10.562, -5.279 
6.592, -19.385 
0.883, -13.443 
13.749, -6.227 
13.595, -5.577 
20.191, -11.36 
16.443, -15.204 
20.399, -14.26 
51.684, -8.49 
61.059, -23.827 
219.489, -92.693 
-139.248, 66.099 
-51.722, 28.184 
-27.489, 23.626 
-0.053, 32.153 
-69.969, -177.225 
-19.02, -2.185 
-3.59, -9.021 
-3.527, 3.866 
-10.883, -2.589 
-8.184, -0.913 
-7.38, 0.811 
1.001, 1.069 
-14.309, 0.701 
-6.927, 8.307 
4.184, -12.757 
-1.873, -14.891 
-1.092, 1.4 
-7.48, 4.995 
-6.299, 6.885 
7.062, 3.048 
-2.166, -11.17 
0.637, 0.078 
-5.555, 0.78 
1.006, 4.202 
-5.203, -4.257 
2.173, 2.352 
-19.765, 4.88 
7.722, 1.535 
-7.661, -0.817 
-2.217, 5.507 
0.568, -1.534 
6.908, 2.685 
5.652, 3.626 
-0.883, 5.449 
-2.565, 7.195 
-5.267, -10.173 
-5.212, 4.006 
6.636, -7.074 
1.84, 4.006 
-13.544, 4.302 
-0.5, 4.197 
-11.587, 4.11 
-1.709, 2.81 
-8.706, -1.523 
-11.133, 3.519 
-1.787, 0.516 
4.49, -7.844 
0.766, 2.685 
1.34, 0.378 
-11.577, 2.622 
-4.538, -5.406 
3.356, -6.417 
-4.39, -5.498 
-1.197, -2.861 
1.708, 9.374 
4.905, 7.563 
0.209, -0.669 
-0.088, -6.965 
-0.788, 6.531 
0.294, -8.66 
-15.439, -2.58 
5.342, 2.388 
7.193, 5.45 
5.733, 4.867 
4.9, 6.46 
-3.352, 2.356 
-7.038, -15.262 
3.455, 3.891 
12.265, -7.141 
-8.678, -0.894 
2.594, 16.024 
0.002, 1.309 
18.372, 5.716 
5.789, -10.596 
14.896, -9.559 
6.461, -2.061 
7.253, -0.873 
9.659, -2.731 
1.88, -15.879 
-2.948, -5.254 
19.846, -11.454 
11.71, -2.731 
16.904, -10.519 
13.738, -8.44 
5.578, -12.678 
13.699, -15.184 
12.862, -14.338 
12.314, -25.019 
27.541, -28.926 
55.626, -56.521 
258.47, -214.513 
-102.483, 92.12 
-41.235, 42.123 
-25.743, 36.316 
-21.878, 5.722 
-14.113, 6.044 
-18.885, 14.574 
-21.83, 13.043 
-1.318, 9.333 
-3.67, 6.192 
-23.393, 6.589 
-4.315, 17.765 
0.362, 20.306 
-5.1, -3.153 
-4.907, 5.825 
-4.777, 14.246 
-0.999, 9.091 
-7.591, 20.092 
0.116, 3.955 
1.417, 0.903 
-3.873, -0.825 
-12.1, -5.748 
0.652, -3.089 
1.738, -3.533 
-5.647, -6.644 
-16.513, 7.077 
-3.009, -10.324 
-9.826, -3.79 
-0.987, 9.912 
2.537, 15.74 
3.293, 7.56 
-12.374, 4.802 
5.887, -4.178 
3.383, 7.638 
4.952, 0.987 
-24.349, 4.812 
-3.652, -10.501 
-11.342, 4.633 
-1.851, 0.685 
2.038, 10.572 
2.736, 7.072 
3.247, 1.006 
6.577, 2.999 
-6.378, 15.005 
-1.964, 16.32 
-0.017, -4.267 
-0.15, -4.88 
-0.249, -5.519 
-0.874, 5.987 
-8.245, -9.817 
-15.409, 6.487 
-4.952, 5.713 
-4.627, 7.769 
3.783, -13.201 
-1.694, 14.289 
-3.827, -1.177 
-8.052, -7.862 
-7.062, -0.338 
3.284, 16.949 
-3.883, 1.034 
-2.698, 1.042 
11.923, 5.546 
3.671, 0.347 
-2.247, 7.773 
4.236, -2.563 
-5.6, 5.038 
-7.003, -13.628 
7.485, -4.47 
7.041, -6.912 
1.126, -9.115 
-1.697, 3.263 
-1.7, -3.851 
9.114, -1.792 
5.384, -0.176 
-4.718, 0.65 
-1.11, 1.147 
-2.216, 1.907 
1.692, -17.568 
2.36, 4.283 
0.559, 5.586 
0.952, 1.811 
-0.89, -5.214 
3.071, 9.354 
0.295, -2.121 
-24.088, -12.091 
15.016, -3.183 
0.412, 12.558 
-1.541, -3.237 
12.576, -4.792 
-4.145, 2.216 
-10.905, 0.415 
-2.803, -6.472 
-3.317, -11.952 
-2.406, -3.593 
9.926, -4.859 
5.026, 6.492 
3.428, -1.663 
-14.293, 11.372 
-4.992, 17.691 
-7.482, 6.782 
0.669, 4.745 
-7.546, 11.928 
11.578, -15.347 
-0.89, -0.983 
-6.366, -4.657 
0.106, 8.23 
-12.226, -0.923 
-11.473, 3.624 
0.543, 7.603 
-4.888, -0.856 
1.647, -5.194 
-0.309, -1.553 
0.287, -3.614 
-2.393, 6.352 
1.958, 1.675 
3.247, 6.796 
0.941, 3.894 
-3.439, 3.475 
-13.062, 9.213 
1.124, 8.687 
5.131, -0.116 
0.264, -2.228 
5.63, -1.302 
2.693, -4.907 
-0.888, -8.983 
-7.651, 20.987 
3.928, -8.143 
-4.55, -3.883 
5.876, 2.802 
-11.116, -8.026 
-0.6, 3.21 
2.298, 2.482 
-4.791, -2.667 
6.797, -0.712 
-1.799, 8.331 
-6.548, 2.478 
-0.784, -4.224 
-1.676, 5.138 
-0.256, -5.651 
2.029, 8.423 
-0.198, 10.436 
10.103, 1.402 
7.924, -1.283 
-4.52, 8.414 
-9.717, 5.981 
-3.683, 5.343 
9.496, -3.621 
-0.856, 8.92 
-0.649, -2.072 
-6.194, 0.475 
5.643, 4.361 
-10.809, 5.888 
-3.62, 1.581 
5.787, -10.975 
0.037, 1.56 
-6.439, -6.938 
1.118, -5.233 
-9.261, 5.631 
-11.872, -7.919 
2.621, 3.472 
9.065, -10.681 
10.352, 6.778 
-7.013, 8.041 
2.022, 0.545 
-9.079, 8.222 
9.368, 9.332 
0.015, -4.578 
-3.443, 0.742 
-5.048, -2.449 
-6.312, -4.768 
-2.498, 6.33 
-0.37, 13.845 
4.321, 1.669 
-7.613, -11.587 
13.112, 12.841 
-3.346, -2.507 
4.586, 1.799 
-6.228, 5.533 
4.499, 9.81 
-2.24, 11.786 
-5.107, -1.481 
6.412, 0.238 
-1.251, -13.925 
-7.855, 16.884 
3.084, -3.507 
-4.448, -7.645 
2.831, -0.369 
-7.837, 0.647 
-4.232, -6.115 
9.702, 7.856 
-13.237, 13.438 
-0.496, -2.332 
-8.28, -0.135 
-4.275, -6.947 
4.695, -9.762 
-2.687, 11.644 
-4.574, -6.294 
2.115, -5.479 
8.572, 2.724 
8.265, 7.833 
-0.676, 10.681 
-8.31, 2.978 
-1.167, 3.862 
-0.699, 4.124 
15.268, 5.526 
-7.252, 1.653 
-2.214, -2.264 
12.989, 8.07 
-5.307, -0.752 
9.048, 1.065 
-1.054, 3.732 
-6.602, 2.19 
4.481, -1.026 
-10.783, -8.001 
9.275, -13.598 
-8.48, -3.28 
0.771, -9.849 
10.096, 18.472 
8.696, -7.816 
-16.809, -5.055 
-2.555, -11.884 
1.846, -9.742 
-1.859, 1.17 
-6.67, -4.422 
7.482, -0.658 
1.021, -1.443 
-9.147, 7.001 
13.641, 3.257 
-9.063, 17.744 
-8.557, -2.556 
0.785, -6.856 
-1.921, 1.163 
-1.219, 3.49 
-6.032, -1.788 
-11.531, 8.529 
-7.594, -2.091 
8.184, 2.998 
-4.821, -1.705 
2.268, 0.038 
8.612, -7.471 
-3.858, 8.243 
-1.122, 14.298 
1.166, -0.198 
-2.703, 2.187 
-4.942, 4.656 
-5.583, 0.475 
-18.419, 0.34 
-0.637, -3.069 
0.029, 1.701 
-13.059, 1.827 
-10.157, -12.617 
-4.236, 2.408 
4.819, 4.764 
-9.976, -0.336 
-2.954, 5.716 
-4.622, -7.149 
0.485, -3.501 
7.06, 4.547 
-5.516, -6.733 
10.123, -7.666 
3.807, -1.196 
4.199, 0.002 
-0.455, 12.68 
8.463, 1.306 
7.955, -2.302 
-4.111, -12.239 
-10.816, 8.024 
-14.481, -3.982 
2.445, -15.89 
3.972, 0.607 
-5.548, -2.65 
-1.022, 0.913 
4.36, 1.835 
-7.561, -5.607 
12.867, -8.277 
3.81, -4.721 
6.46, 10.651 
6.742, -8.06 
4.605, -0.845 
-4.071, 2.365 
-2.285, 7.425 
17.026, 1.777 
-7.59, -5.606 
0.346, 4.707 
-17.502, -1.786 
-5.476, -12.684 
11.622, 0.631 
4.154, -1.43 
1.098, -6.11 
-3.122, -12.082 
-0.8, -2.214 
-7.712, 11.328 
-1.757, -1.673 
2.044, 2.25 
-0.296, -0.586 
1.449, 4.596 
4.172, -0.843 
-7.073, -2.928 
3.584, 3.293 
3.302, 4.616 
12.154, -2.909 
4.63, -11.308 
3.293, 0.809 
8.086, 7.642 
-4.967, 12.03 
-3.188, -1.21 
-3.779, -5.314 
11.412, -8.652 
0.577, -7.653 
-3.897, -7.481 
9.967, 0.099 
1.791, 5.005 
6.211, 2.597 
-0.202, 3.449 
6.663, -1.086 
11.178, -3.357 
5.036, 7.841 
-10.58, 1.283 
7.249, -8.964 
-0.018, -2.552 
-9.851, -2.323 
9.252, 7.004 
-7.421, 0.519 
-0.986, -1.791 
-0.745, -7.848 
-10.575, 9.064 
-3.281, -1.247 
-7.146, 0.298 
5.024, 1.042 
17.619, -4.803 
-4.885, -1.484 
-2.004, -6.732 
1.842, 6.308 
1.873, -3.274 
-1.619, 6.816 
-1.402, 9.797 
-6.039, 5.474 
-5.433, -3.906 
-3.827, 2.943 
-3.219, -1.527 
-2.385, 3.935 
0.373, 8.724 
2.773, -7.401 
8.619, -0.688 
3.908, 1.459 
2.87, -1.936 
-7.293, -8.265 
-3.442, 1.576 
-13.351, 9.962 
-8.467, 1.868 
-8.57, -0.223 
-4.134, 2.268 
-6.854, -0.285 
-1.249, 5.79 
-2.988, -9.627 
-11.036, -8.531 
-2.039, -2.67 
-2.057, 7.647 
1.498, 0.728 
3.922, -4.328 
-1.201, -0.288 
-5.188, 18.466 
14.423, -2.387 
3.882, 3.98 
-0.402, 0.768 
8.338, -0.359 
3.455, -0.778 
-8.048, 12.786 
-6.625, -7.986 
12.589, -12.654 
0.845, 3.118 
-1.516, 4.744 
10.874, 5.571 
-1.587, -11.63 
2.095, -4.788 
3.852, -6.456 
0.155, 17.739 
6.442, 8.247 
-12.117, -3.121 
3.183, 7.338 
1.945, -12.586 
13.475, 0.792 
-11.103, -5.84 
-6.861, 4.166 
-2.606, -1.538 
8.776, -12.776 
4.095, 7.178 
-0.679, 2.622 
-1.146, -1.999 
1.537, 1.735 
12.437, 4.488 
-3.748, 2.481 
-3.174, -2.474 
3.961, -6.711 
-3.313, 1.745 
-0.429, 6.763 
-3.652, -0.916 
-3.72, 1.017 
3.318, -5.23 
0.12, 0.93 
-14.993, -14.384 
-0.687, 14.563 
-19.027, 0.439 
-7.23, -3.236 
-2.794, 0.732 
-2.618, 3.021 
12.018, 7.576 
8.282, 4.911 
-3.761, -1.591 
-5.643, 3.177 
3.848, 4.406 
3.565, -10.555 
-2.655, -5.13 
-9.499, -4.098 
-1.76, -2.552 
9.061, 2.26 
3.789, 8.209 
4.282, -7.621 
8.096, -5.628 
1.813, 0.74 
-2.709, 7.447 
-3.693, 7.408 
-3.816, 1.549 
5.828, -6.655 
-1.961, -5.857 
-1.159, 1.844 
1.292, 0.472 
0.254, -11.252 
16.758, 9.774 
6.618, -7.446 
-2.699, -2.119 
-6.428, -7.502 
9.246, 12.24 
-6.898, 2.41 
3.715, -8.67 
-1.769, -9.954 
0.31, 7.775 
-1.135, -0.336 
3.801, -3.016 
4.149, 4.582 
-4.988, 4.109 
-2.951, -10.526 
-0.141, -1.133 
-4.599, 8.069 
-2.441, 6.313 
-9.81, -1.251 
2.972, -16.356 
3.631, -3.366 
-0.459, -19.631 
-6.087, -4.336 
9.202, 5.19 
7.544, -4.296 
-2.342, -12.188 
-9.159, -7.978 
-2.204, 0.407 
-6.03, 4.022 
5.384, 7.403 
-14.295, 11.232 
-4.41, 0.379 
0.687, 1.966 
-3.77, 3.907 
-4.318, -0.734 
-10.454, 6.459 
-4.459, -0.975 
4.82, -6.505 
-1.509, -9.255 
-9.421, 0.71 
-2.001, -0.338 
-7.334, 4.425 
-2.405, 4.799 
1.492, -2.779 
13.415, -1.615 
-11.223, -0.058 
-8.415, 1.013 
-4.4, -3.312 
-5.591, 1.174 
-8.051, 4.304 
9.593, -3.285 
-3.91, 3.328 
3.7, -2.27 
0.423, 5.445 
14.585, -13.294 
6.679, 3.488 
-5.411, 12.483 
5.159, -3.823 
10.089, -5.577 
-2.043, 4.303 
-5.802, -4.454 
-3.027, 2.776 
14.722, 16.224 
-6.915, 4.574 
8.943, -1.91 
2.547, 10.391 
5.525, -3.889 
-11.131, 9.215 
8.947, -1.697 
-4.777, -0.012 
13.548, 3.658 
-6.404, 7.893 
5.498, 6.351 
-8.333, -7.718 
2.648, 8.067 
4.164, 4.328 
1.514, -7.331 
7.793, 6.425 
4.401, 2.177 
5.414, 14.32 
2.676, -1.763 
4.023, -4.811 
-1.163, -13.17 
-2.428, 8.199 
1.003, -0.788 
2.941, 2.189 
-9.096, 5.496 
1.617, -4.672 
5.764, 3.751 
0.397, -2.704 
2.226, 0.502 
-9.406, 10.217 
1.512, 6.44 
-11.195, 1.859 
-4.992, 6.105 
2.038, 5.137 
8.951, -8.335 
-5.257, 13.65 
3.143, 8.341 
-1.546, 5.287 
2.162, 1.637 
6.35, -6.293 
0.852, -4.012 
6.382, 1.933 
-11.368, -10.261 
0.482, 1.096 
0.342, -3.47 
3.747, -1.99 
-2.127, -5.981 
-5.681, 10.25 
-0.124, -4.653 
10.067, 9.012 
-3.285, 9.976 
6.445, -0.913 
5.87, -9.035 
-1.092, -5.55 
2.824, 10.551 
1.169, -5.805 
4.901, -14.165 
-7.873, -8.265 
6.681, -4.716 
-2.016, -10.634 
5.702, -3.833 
3.473, -0.669 
3.956, 4.08 
-6.244, -1.789 
-2.692, -13.39 
-0.121, 8.012 
2.148, 7.868 
-2.488, 8.122 
-8.638, -1.237 
-7.277, -3.928 
17.329, -5.702 
-3.976, 7.037 
-7.197, 21.704 
-8.773, -14.051 
-0.119, 10.658 
-7.988, -6.356 
-20.299, -4.053 
2.165, -11.951 
-14.321, 0.714 
0.575, -11.355 
-9.909, -4.19 
-4.174, 4.584 
2.157, 12.667 
11.614, 5.932 
7.191, 2.879 
-5.094, -3.6 
-1.941, 3.667 
-0.723, -3.44 
-1.711, 3.433 
1.089, -10.074 
4.028, 17.144 
0.987, 2.936 
10.738, -6.224 
3.522, -9.544 
-12.167, -11.055 
7.425, -1.462 
-9.255, -21.314 
8.331, -7.209 
0.149, 0.611 
4.272, 6.713 
-6.011, 11.938 
4.517, 3.026 
-3.145, 3.658 
10.946, 0.303 
-2.844, -1.584 
-6.143, -1.25 
4.637, 7.793 
0.849, -11.974 
-1.377, -3.658 
13.558, -0.117 
6.357, 6.089 
6.5, 0.805 
11.532, 4.442 
-9.291, -5.85 
13.831, -0.269 
-15.064, -12.14 
1.341, 13.925 
6.948, 2.871 
1.589, 6.842 
-6.328, -5.672 
3.011, 2.111 
-0.327, -8.675 
-2.692, 2.128 
7.873, -0.639 
-14.003, 0.725 
-5.095, -6.379 
3.648, 10.519 
-0.516, -6.577 
-2.436, -1.408 
2.245, -2.952 
-2.942, -5.062 
3.523, 10.104 
2.332, -9.855 
4.886, -8.232 
-2.869, -0.725 
-2.947, 4.872 
-7.786, -2.536 
-9.826, 4.576 
-0.865, -4.117 
-3.737, 2.7 
10.773, -0.564 
8.052, -6.237 
18.523, -3.496 
1.383, -2.241 
14.991, -4.934 
-11.416, -8.123 
10.721, -1.324 
-3.128, -7.122 
2.211, 3.533 
-0.712, 8.183 
-7.339, 0.568 
6.736, 8.911 
3.288, 2.055 
0.417, 1.788 
3.35, -2.107 
-8.269, 0.562 
-0.258, 9.337 
-6.726, -7.321 
0.283, 4.795 
1.775, 3.329 
11.483, 6.801 
9.683, -5.575 
-8.318, 2.31 
12.471, 2.199 
-8.144, 15.133 
-0.958, -4.725 
-4.464, 1.734 
-0.259, -0.117 
3.576, 5.837 
-4.59, 3.696 
-7.803, -17.769 
0.841, 2.012 
-4.328, -7.276 
-1.868, -11.6 
-1.903, 7.55 
1.721, -6.41 
-3.386, 2.981 
-2.487, -4.032 
3.964, -0.41 
1.886, -2.542 
-8.534, -2.413 
-7.418, 3.015 
-4.325, -6.466 
-13.259, -1.144 
11.392, -8.016 
0.008, -1.901 
-6.761, -14.722 
2.544, 5.626 
-1.924, -0.872 
-2.205, 2.269 
4.548, 3.546 
-1.765, -18.973 
0.671, 1.749 
10.855, -6.505 
-1.62, -1.487 
-1.044, 1.379 
-7.378, 1.499 
-9.665, 1.03 
-0.37, -2.977 
6.917, 8.527 
-8.824, -0.12 
-0.395, -5.741 
7.964, -12.965 
5.432, 5.229 
3.458, 0.292 
3.197, -2.237 
-1.297, 0.756 
5.909, -0.875 
3.688, 0.752 
3.099, -11.353 
3.558, 9.799 
5.298, 5.034 
3.382, -2.356 
0.05, 17.738 
-0.893, 8.894 
5.476, 6.182 
-6.302, 1.018 
8.163, -12.041 
9.27, -2.412 
3.222, -2.598 
-2.694, -5.782 
-10.095, -6.784 
-0.002, 2.896 
13.962, -1.738 
-1.542, 12.41 
-1.196, -10.788 
0.85, 6.22 
1.778, 10.929 
-2.991, -6.104 
5.426, -1.49 
-6.592, -0.39 
-9.369, 4.155 
5.195, 13.545 
-8.113, 2.951 
10.972, -0.967 
8.554, -6.881 
3.659, 6.153 
-0.013, 4.868 
-5.932, 11.736 
15.118, 4.106 
7.802, -4.697 
1.34, 3.698 
-11.532, 9.898 
6.398, -9.943 
4.959, 0.536 
10.01, 2.465 
9.758, 9.715 
-5.351, -8.939 
4.079, 10.627 
5.615, -0.062 
4.029, 1.364 
8.087, 0.915 
-2.957, 7.334 
4.503, 6.498 
-0.755, 11.624 
-0.84, -1.953 
2.347, 3.327 
-7.025, -3.554 
8.012, -0.118 
-17.912, -5.661 
-8.63, 16.425 
-4.143, -2.704 
0.15, -12.433 
4.311, 2.115 
-1.404, -7.174 
-3.623, -2.382 
-0.885, 8.655 
1.3, 0.227 
-0.3, 15.684 
6.55, -3.613 
-14.363, -7.33 
-5.382, -3.011 
-4.098, 9.082 
-7.274, -2.353 
0.945, 4.762 
-4.99, 0.59 
-8.941, 6.109 
0.499, -15.604 
-1.411, -6.024 
-16.918, 8.356 
3.527, 8.284 
-1.689, 1.061 
-6.882, -3.844 
-4.316, -0.024 
3.867, -0.984 
-8.748, 9.362 
9.077, -5.25 
-7.231, 6.695 
7.137, 11.297 
3.054, -10.085 
-7.97, 0.331 
6.822, -1.522 
-2.605, 0.202 
-13.09, -4.355 
-5.305, 8.571 
9.684, -0.899 
-1.578, 5.287 
5.219, -0.857 
5.233, 5.688 
8.035, 6.515 
-4.608, -3.962 
-9.181, -1.587 
0.986, -1.787 
-1.372, -5.208 
-1.009, -15.531 
-2.62, 3.959 
3.285, 1.869 
-11.368, 7.537 
2.704, -4.278 
3.025, 0.062 
-3.15, -15.274 
16.023, 7.852 
2.983, 2.518 
-10.32, -7.757 
2.258, -10.252 
1.737, 10.894 
5.578, -3.044 
-3.138, -1.241 
7.884, 0.652 
3.634, -10.874 
6.523, -11.451 
3.13, 6.635 
1.221, 12.011 
8.298, -6.934 
-0.858, 0.383 
4.328, 4.789 
-3.467, 2.785 
3.702, 0.041 
-5.971, -6.05 
-3.448, 0.299 
7.943, -1.346 
-0.583, -15.448 
3.955, -11.351 
1.028, 3.948 
0.224, -19.5 
-2.96, -0.692 
1.142, -6.543 
-1.298, 4.875 
2.165, 3.866 
-3.906, -0.048 
-8.695, -2.593 
-5.931, 4.407 
6.497, -11.631 
1.748, 0.66 
-3.191, 7.33 
0.47, 7.493 
-6.392, 9.519 
0.549, -4.938 
-8.886, 4.902 
7.338, -1.071 
-7.609, 8.8 
2.546, -0.843 
12.466, 2.603 
2.195, -2.497 
10.574, 0.716 
-5.829, -5.522 
-3.546, -1.93 
2.784, 4.131 
0.263, 3.373 
0.708, -1.378 
-1.301, 1.761 
-1.406, 4.178 
-5.813, -0.518 
11.491, 0.505 
-3.449, -14.921 
-4.343, -6.821 
-3.432, -9.964 
4.304, -5.247 
-6.888, 1.15 
-9.794, -6.692 
-15.598, 0.995 
12.69, 11.84 
4.827, -1.247 
3.449, -5.051 
7.578, 9.559 
-4.843, -7.324 
-3.462, 1.443 
1.243, -6.588 
4.655, 5.459 
-3.948, 1.099 
-9.174, 2.022 
2.833, 11.202 
-0.171, 12.899 
-1.189, 2.154 
-6.183, -4.007 
-9.965, 1.096 
-13.385, 11.613 
-4.302, 8.745 
1.356, 6.121 
-4.721, -4.116 
-5.793, 3.669 
5.362, 9.063 
2.875, -3.103 
3.365, 3.657 
-17.905, 7.084 
-1.558, 11.361 
3.09, -0.474 
5.749, -8.394 
-0.695, -5.534 
8.801, 11.708 
6.666, -4.021 
-5.397, -0.689 
7.015, -3.021 
9.258, -6.205 
10.991, -0.577 
3.98, 15.738 
8.61, 8.686 
-8.171, -2.141 
1.668, -2.962 
-14.986, 9.791 
-7.757, 13.103 
1.44, -0.154 
0.683, 14.571 
14.716, -0.658 
-4.051, 0.984 
-2.607, -10.876 
10.433, 3.412 
5.0, 11.368 
-1.55, -3.171 
7.037, -3.524 
-1.76, -2.499 
24.428, 10.933 
10.286, 0.202 
0.909, 6.315 
-2.065, -3.37 
2.16, 3.864 
-9.516, -0.131 
7.557, 1.322 
-10.11, 7.567 
2.258, -8.898 
4.716, 4.685 
-0.513, 2.975 
-11.651, 17.822 
-8.974, 7.537 
-1.555, -4.893 
12.581, 4.851 
-5.456, -4.342 
16.271, 8.326 
-13.227, 1.644 
-5.45, -0.347 
-4.119, 10.424 
1.199, -7.06 
0.433, -6.9 
-6.99, 9.32 
2.728, -3.182 
-6.731, 3.422 
-5.37, -7.629 
-6.192, 3.833 
5.487, 1.777 
-3.141, 1.545 
-1.574, -3.514 
1.088, 1.495 
-0.728, -1.474 
-6.31, 1.245 
-1.38, 0.666 
-8.109, -4.078 
-4.3, 10.558 
3.446, -14.468 
0.026, 3.148 
0.953, -2.963 
-0.591, -0.447 
6.327, -0.541 
-6.407, 10.465 
-1.103, 4.468 
3.298, -4.888 
3.447, 2.982 
5.546, -1.209 
6.475, -5.438 
3.891, 6.267 
8.507, -9.159 
-6.609, 6.038 
18.986, 9.314 
-6.264, 0.746 
11.477, -9.733 
2.501, 6.579 
-4.987, 0.43 
11.379, -7.979 
3.936, -0.0 
-10.908, 5.977 
-1.155, 3.48 
-3.347, -10.359 
6.567, 4.392 
2.334, 0.317 
-4.13, 5.333 
-0.844, -2.881 
0.769, -7.334 
-12.616, 1.908 
9.705, -8.399 
7.62, -0.842 
-2.487, 9.644 
4.615, 8.874 
6.565, -0.952 
-11.838, 0.278 
-11.327, -5.883 
-2.277, 14.407 
-8.373, -5.324 
12.272, -5.709 
0.685, 2.473 
-9.491, -9.667 
-2.325, 15.662 
-5.808, -7.913 
-3.204, 4.375 
1.141, -5.534 
-4.786, -3.854 
-5.033, -4.816 
-8.114, -3.115 
-6.977, 8.989 
5.774, -4.777 
-4.01, 0.14 
2.791, -5.421 
-3.354, -13.662 
-0.839, 10.07 
9.65, 3.719 
-4.168, -0.664 
9.944, -7.367 
3.033, -4.029 
-2.793, 3.306 
-9.103, 0.616 
4.341, 10.4 
6.393, 3.979 
1.408, 3.441 
6.438, 5.01 
6.573, -1.692 
-2.051, -2.302 
-2.121, -3.247 
-2.7, 0.403 
9.24, 3.55 
3.617, -5.37 
-4.439, 2.843 
-3.291, 0.525 
-6.141, -4.451 
-7.339, -0.09 
-2.181, 5.385 
1.234, -4.231 
12.345, -6.467 
-5.094, -12.237 
-7.933, -8.286 
5.34, -3.662 
-8.678, 1.792 
-4.284, 0.779 
-1.123, -9.784 
-7.908, -7.897 
6.824, 9.142 
0.161, -6.591 
7.174, -2.669 
-7.6, 3.503 
-11.159, 5.379 
-6.698, -7.368 
-1.368, -4.473 
9.377, 3.474 
-6.464, 5.928 
-11.446, 4.986 
7.839, 1.152 
1.964, -5.986 
-1.356, -4.268 
3.148, -7.764 
6.822, 5.022 
-1.54, -3.852 
-8.439, -5.558 
-12.973, 10.664 
2.294, -12.199 
-13.819, -1.482 
3.871, 0.548 
-5.091, 1.063 
3.742, -11.434 
4.474, -5.242 
12.324, 6.078 
10.596, 2.242 
-5.662, -0.825 
-8.073, -5.175 
9.426, -4.267 
-6.209, -5.639 
-2.444, -10.133 
4.08, 3.833 
14.347, -1.46 
-3.282, -6.583 
-3.486, -6.246 
-0.923, 5.728 
13.385, 6.598 
-5.598, -3.851 
1.103, 4.324 
4.107, 5.822 
-8.861, -4.437 
-7.7, -0.622 
-7.998, 13.185 
-4.208, -3.225 
-9.627, -4.495 
9.003, -1.279 
-4.771, -2.742 
-3.885, 1.988 
-4.514, 3.497 
7.367, -9.585 
-14.55, -10.02 
4.658, 6.037 
0.601, 4.426 
2.096, -6.304 
3.183, -4.309 
-4.095, 2.298 
-8.672, 13.521 
-0.183, 7.388 
0.718, -4.009 
-10.026, 13.651 
-1.944, -1.99 
1.706, -8.31 
-1.537, -7.47 
1.451, 16.11 
-3.423, 5.625 
2.122, -7.302 
1.914, 1.567 
1.051, 5.753 
7.527, 7.226 
9.076, 12.073 
-2.653, -5.521 
7.425, 7.629 
2.117, -7.939 
-4.874, -1.807 
-3.768, 0.783 
-2.585, -6.652 
-5.869, -1.446 
1.914, 10.881 
9.945, -1.713 
3.886, -8.171 
-5.837, 7.032 
-0.733, -0.475 
9.073, 5.505 
7.617, 1.677 
7.83, -4.4 
-5.44, -3.211 
8.468, 8.55 
-7.98, -7.693 
15.293, -3.799 
-6.357, 0.046 
5.919, 6.643 
-2.359, 16.351 
2.598, 3.862 
-6.204, 4.196 
-3.004, -12.036 
-5.465, -10.224 
-0.276, -6.86 
8.29, -7.323 
1.865, -4.527 
3.113, 9.264 
-9.362, -3.175 
-3.315, 4.216 
-2.316, 1.092 
-3.63, -10.854 
0.842, 1.425 
-4.846, -14.809 
-6.682, 5.822 
4.801, -2.676 
-3.051, 4.248 
-1.991, -2.197 
-10.705, -4.664 
1.205, -7.058 
6.091, 3.642 
17.588, 5.869 
1.409, 1.189 
-3.423, 1.529 
5.689, 5.323 
7.235, -5.273 
-6.155, 4.39 
6.153, -6.954 
-6.154, -9.345 
-2.91, -3.151 
-0.236, -1.409 
2.312, -5.94 
6.682, 6.505 
-0.289, 0.62 
-5.646, -0.381 
6.852, -9.114 
-1.224, 5.691 
6.437, 5.067 
-4.374, 9.119 
-2.924, -8.637 
-1.753, 3.22 
5.683, 2.92 
-4.578, 4.634 
2.216, 7.539 
-5.431, -7.281 
-4.306, -7.298 
3.219, -3.646 
-2.304, 3.201 
-4.682, -1.031 
-1.003, -4.038 
-0.497, 7.46 
-0.206, 0.791 
-4.941, -5.172 
-6.476, -5.756 
-7.101, 4.697 
-0.589, -10.194 
-2.142, -13.692 
-4.243, -2.92 
13.501, -1.572 
10.346, -5.549 
-9.318, -3.544 
1.053, 9.985 
-4.259, 6.111 
-2.563, -0.347 
2.042, -6.944 
2.249, -0.287 
2.375, 8.741 
-10.825, -4.919 
6.022, 11.191 
-16.29, -6.533 
-2.507, 1.613 
0.757, -5.338 
-11.892, 3.386 
-8.941, 10.398 
5.229, 1.634 
10.788, -8.689 
-2.144, -4.02 
4.193, 7.647 
-7.983, 6.456 
0.105, -8.029 
-3.447, 11.832 
5.937, -1.689 
-2.469, 0.224 
-1.054, 2.34 
-3.819, 1.903 
2.352, -11.646 
3.563, -0.689 
3.5, 1.609 
14.012, 2.1 
-0.73, 9.179 
-2.966, 0.275 
9.358, -2.479 
1.386, -2.85 
-5.152, -1.174 
-1.203, 3.97 
7.936, -2.149 
9.308, 3.34 
-10.276, -3.374 
4.1, 2.375 
13.3, 15.399 
-0.606, 4.704 
-6.912, 6.013 
2.901, -2.956 
13.672, -0.003 
-8.234, -1.026 
-9.289, -2.601 
6.256, -1.13 
3.674, 2.55 
-0.337, -4.243 
-5.227, 6.401 
0.151, 4.857 
5.203, 3.261 
10.803, 2.026 
11.465, -0.314 
-7.273, 3.047 
5.332, 1.098 
-1.154, 13.897 
3.748, 2.361 
10.866, 5.829 
2.884, 11.442 
12.816, 4.695 
-5.626, -1.514 
4.652, -4.26 
2.564, 11.687 
-17.282, -5.783 
-1.728, -5.085 
-4.424, 6.123 
4.637, 2.512 
-4.552, -5.004 
-12.308, -8.183 
13.205, -6.154 
8.823, -0.888 
11.783, -7.353 
-7.02, -2.268 
-1.616, 5.809 
10.345, -1.808 
12.993, -0.254 
12.265, -6.762 
20.25, 18.333 
-9.325, -5.321 
-2.678, 1.673 
-0.094, 1.319 
-16.379, -9.368 
0.244, 3.452 
5.182, 10.391 
3.024, 0.434 
-1.302, -2.011 
4.909, 11.701 
-10.579, -1.023 
6.846, -4.202 
5.123, 0.127 
0.941, 16.264 
-5.971, 2.615 
7.418, -4.13 
-1.24, 1.278 
3.702, -9.971 
3.288, 16.136 
-8.101, -7.592 
-2.696, 1.167 
-7.058, 14.068 
-1.633, -16.613 
-1.281, 0.725 
-5.306, -4.265 
0.554, 11.791 
-3.554, -5.306 
-7.746, 3.407 
-1.22, 4.593 
3.525, 3.2 
2.596, -2.674 
2.453, -11.502 
2.295, -3.146 
-14.284, 8.343 
8.783, -4.07 
-7.028, -15.694 
-5.617, -2.93 
-8.001, 1.399 
6.323, -11.152 
-4.917, -1.432 
-3.271, 3.236 
-11.88, 5.004 
-6.307, 4.01 
-3.391, -5.315 
2.492, -6.12 
1.849, 4.137 
-8.515, -13.438 
5.174, -5.826 
-13.725, 4.293 
7.184, 0.88 
-3.673, -4.804 
-8.688, 6.765 
-6.533, 3.845 
4.865, -6.535 
3.499, -12.822 
2.962, -0.601 
9.067, -4.097 
-1.364, 15.965 
-0.211, -13.358 
-13.276, -5.334 
-6.452, -3.184 
8.915, 11.191 
-9.269, -8.423 
2.741, -1.26 
-3.967, 5.908 
8.649, -2.715 
-5.094, -4.499 
-9.337, 3.281 
-9.985, 2.91 
-0.588, 12.935 
-5.122, -3.196 
8.814, 4.818 
3.094, 5.101 
-2.692, -5.309 
-3.464, 1.496 
10.353, -4.514 
-5.457, 1.27 
-3.864, 8.147 
2.933, 4.99 
-14.513, -11.324 
-9.288, -2.354 
-1.706, -5.204 
-1.42, -4.907 
-2.943, -3.235 
0.947, -6.586 
-6.334, 2.981 
-2.979, -7.152 
7.595, -1.092 
-5.06, 9.36 
2.432, -8.002 
7.822, -1.396 
-4.464, 3.081 
-10.582, -1.548 
-11.346, 5.835 
0.38, 0.083 
-13.507, 4.771 
0.351, -10.174 
-5.481, -6.864 
13.172, -0.563 
3.727, -20.017 
-7.239, -9.267 
-2.224, -0.962 
0.076, -10.778 
-0.731, 4.22 
1.741, -7.502 
-3.648, 12.257 
9.644, 5.661 
21.199, 3.726 
2.011, 1.639 
-8.146, -1.736 
-5.958, 0.743 
0.997, 9.389 
-6.968, -2.564 
11.137, 10.489 
-6.526, -0.078 
-0.554, -5.125 
4.125, 4.43 
-3.567, -5.01 
-12.256, -7.135 
0.408, -11.197 
7.659, -2.3 
2.881, 10.118 
2.546, 4.829 
-1.055, -14.299 
9.783, 2.955 
3.591, -8.291 
4.522, -7.687 
9.169, 1.36 
5.081, 7.119 
2.583, -8.622 
3.332, 15.443 
-7.548, 5.804 
3.822, 8.327 
6.18, 5.2 
0.329, -2.745 
-3.237, -7.603 
-0.403, -7.787 
-2.179, -10.644 
-1.505, 5.665 
6.247, -10.84 
-4.257, -5.856 
-9.172, 3.875 
0.771, -2.025 
6.957, -18.635 
-12.715, 1.961 
-3.701, 0.336 
-1.18, 2.878 
5.0, -0.032 
-6.501, -3.804 
-2.4, -12.629 
3.191, -18.987 
14.492, -3.985 
0.333, -10.199 
-1.951, -5.172 
1.686, 5.549 
-1.675, -6.553 
-4.546, 2.208 
-8.56, 8.991 
3.665, 8.697 
-6.957, 4.309 
-8.182, -1.262 
4.994, -5.913 
-2.227, 5.826 
-4.164, -4.78 
5.478, -15.421 
0.791, -8.285 
2.932, -11.065 
21.639, 8.108 
-1.809, 9.569 
-5.186, 11.213 
10.732, 6.162 
1.187, 4.237 
-3.422, 0.312 
-11.969, -7.272 
-1.975, -0.118 
-2.614, 12.735 
3.184, 1.047 
11.719, -2.179 
-6.786, 1.743 
3.086, 11.319 
9.726, -14.387 
-2.451, -20.409 
8.414, 11.903 
-0.965, 7.604 
-4.276, 0.078 
6.35, 10.667 
3.409, 7.702 
-2.097, -7.409 
0.908, 6.299 
2.494, 7.184 
7.852, 0.32 
-3.209, -5.935 
2.735, -7.242 
0.943, -1.371 
-3.027, -6.273 
0.367, 5.211 
14.379, -4.975 
6.859, -12.216 
-3.919, -7.304 
5.717, 2.291 
2.952, 4.863 
-4.275, 4.546 
0.184, 4.66 
-3.014, -0.43 
4.486, 1.623 
-8.275, -4.209 
10.726, 12.451 
3.684, 0.994 
-0.256, 6.837 
3.312, -4.03 
-12.214, -3.333 
7.926, -8.901 
-7.075, 8.09 
-3.102, -5.228 
-2.048, -3.409 
-1.157, 5.818 
-3.797, -4.489 
1.161, -0.639 
-0.055, 13.063 
-5.355, 0.093 
8.882, -2.357 
12.827, -6.484 
2.31, -6.201 
-5.166, -1.906 
-1.754, 8.419 
0.069, 10.138 
0.79, 0.444 
-14.007, 10.657 
0.71, -0.055 
3.026, -5.372 
-7.074, 7.699 
-1.363, -2.56 
-0.661, -2.709 
-2.468, -6.446 
4.352, -5.891 
8.395, 0.429 
-11.166, 0.557 
-7.422, 10.492 
1.412, -0.633 
-8.864, -2.593 
6.242, 5.598 
-3.891, 1.194 
6.181, -7.37 
-3.069, 7.642 
3.065, 3.739 
2.462, 10.662 
-0.647, 2.162 
-9.588, -0.868 
-11.561, 17.86 
-2.766, -3.717 
5.564, 6.312 
-0.284, -4.291 
0.513, -1.456 
-2.079, -1.197 
-7.576, 10.239 
-5.338, -0.233 
-1.202, 0.591 
11.947, -12.555 
3.929, 5.009 
0.265, -0.871 
-4.653, -6.313 
-4.32, -0.544 
-0.97, 4.522 
4.915, -0.21 
-2.0, -2.406 
4.365, -14.369 
-2.567, -2.573 
0.338, 7.472 
3.678, 1.56 
-2.2, -2.204 
-1.098, -15.154 
-4.058, 13.036 
-3.342, -0.941 
-9.281, 8.447 
8.517, -8.141 
-5.395, 6.907 
5.799, -3.709 
-6.746, 2.496 
-3.42, 5.73 
4.394, -0.358 
4.635, -2.011 
2.004, 8.121 
5.402, -9.104 
4.262, -3.064 
-4.328, -0.193 
11.924, -3.479 
4.758, 7.078 
-9.591, 6.466 
3.155, 1.682 
-3.067, -2.438 
5.659, -7.977 
3.463, -10.812 
-11.802, -2.864 
1.925, -0.423 
-1.825, -0.359 
-9.579, 4.49 
11.545, 5.311 
-4.353, 7.676 
1.669, 2.113 
-2.327, 5.077 
4.292, -3.994 
6.07, 1.457 
3.308, 3.204 
0.838, 1.013 
8.369, -1.445 
2.514, -2.668 
0.074, -1.843 
2.555, -3.085 
10.521, 13.653 
0.81, -1.345 
3.717, 2.513 
-6.438, 3.599 
-0.445, 0.893 
-11.158, 6.733 
-0.118, -7.962 
4.928, -12.79 
4.688, -2.007 
11.616, -5.02 
9.576, 2.47 
-12.519, -6.056 
4.995, -7.614 
-7.5, 8.336 
1.313, -9.73 
1.373, -3.632 
-4.464, -6.582 
-3.455, 2.721 
3.73, 8.761 
-2.647, -3.035 
-6.619, -4.686 
-2.751, 3.038 
-4.037, -2.019 
1.881, 1.268 
0.093, 1.838 
0.138, -7.426 
-6.918, -3.069 
6.035, -1.352 
-6.701, -4.146 
5.535, -9.648 
6.276, -10.51 
-11.513, -8.614 
-0.352, -6.115 
-3.405, -12.847 
4.957, 9.315 
-3.869, -3.321 
-3.051, -8.53 
8.628, 4.124 
8.353, 1.082 
-0.889, 1.085 
6.428, -2.174 
4.951, 13.925 
4.935, -1.005 
7.266, 1.532 
-5.073, 0.717 
-9.389, -4.903 
-0.497, -1.642 
11.006, 2.208 
12.104, -0.833 
-6.903, -1.734 
-6.179, -3.277 
-5.685, 0.303 
4.776, 6.556 
-4.601, 1.687 
-14.789, 12.99 
-8.785, 1.001 
9.438, 3.011 
8.229, 2.319 
7.97, 5.855 
2.368, -1.88 
7.556, -7.232 
-4.224, 4.862 
1.058, 7.013 
13.851, -4.229 
-2.938, 0.421 
17.958, 3.141 
-5.587, -2.557 
0.106, 2.313 
-7.951, 0.928 
-3.731, -3.409 
-4.695, 0.822 
-5.979, -12.226 
12.454, -1.512 
5.992, 1.357 
-10.755, 8.04 
-7.388, 9.385 
-1.084, 8.222 
6.031, -4.016 
-5.392, 4.454 
-1.575, 7.778 
3.36, 4.638 
-6.389, 2.711 
6.212, -4.492 
-7.267, 7.25 
4.671, -3.914 
-10.724, -10.119 
20.176, 9.424 
0.987, 0.561 
4.261, -1.9 
-0.879, 0.96 
2.053, -13.282 
2.971, -0.626 
-4.434, 14.478 
2.384, -3.651 
-7.834, 14.089 
4.096, -5.929 
-4.084, -1.445 
-2.623, -5.088 
0.316, 8.659 
10.143, -8.726 
3.958, 1.584 
-3.938, 7.473 
2.663, -2.996 
-9.775, -0.376 
6.987, 24.132 
0.646, -2.767 
-0.421, 4.767 
-16.394, 3.304 
-3.783, -0.052 
4.998, 5.606 
8.896, -0.355 
-0.582, -6.87 
2.465, 1.813 
-6.884, 3.147 
6.287, 2.257 
-0.632, -3.403 
-7.46, -3.127 
5.191, 4.442 
-6.921, 8.862 
-2.005, 1.604 
-11.964, -0.264 
5.457, -6.557 
-3.558, -6.03 
12.854, 4.598 
-7.957, -13.364 
-9.387, -4.215 
0.653, -11.169 
9.177, -4.727 
-4.92, -2.981 
-0.396, 9.547 
0.651, 3.482 
2.94, -9.566 
-0.702, 8.213 
3.002, -0.455 
-14.156, 0.362 
-9.783, 5.112 
3.122, 7.929 
2.338, 2.794 
5.782, -4.822 
4.539, -6.441 
3.459, 5.063 
-1.25, 7.027 
-0.34, -2.788 
-1.403, 0.336 
-12.422, -2.055 
-14.712, -2.88 
1.974, -14.839 
5.098, -13.862 
16.228, -4.933 
-0.545, -0.306 
-0.654, -8.092 
0.971, -3.411 
3.644, 1.317 
-4.122, 5.355 
9.581, -0.696 
-4.217, -5.343 
-8.499, 9.146 
-5.138, -12.278 
5.692, 3.313 
10.915, -0.805 
-6.554, 6.719 
15.794, 9.053 
-10.188, 1.06 
9.364, -0.163 
2.859, -1.054 
10.988, -1.897 
11.084, 1.29 
3.217, -5.834 
2.844, -7.701 
-4.538, 2.048 
-8.915, -0.01 
-4.883, -8.548 
-2.164, 3.556 
-8.503, -4.009 
-1.615, -2.173 
-12.945, -4.495 
3.238, 1.414 
10.381, 1.134 
2.117, -3.626 
0.94, -8.058 
-4.238, -7.793 
-7.681, 3.218 
-5.758, -4.429 
-0.423, -3.02 
-6.105, 5.38 
3.218, -3.939 
-15.233, 11.357 
-1.104, 8.592 
4.88, -2.904 
-2.837, 4.097 
-11.629, 6.568 
-5.21, -5.411 
1.939, 7.223 
3.858, 6.363 
8.875, -5.719 
-7.425, 3.216 
4.036, -3.7 
-5.638, 3.743 
-19.57, -1.247 
4.734, -8.456 
3.37, 3.668 
-3.014, 0.781 
-4.053, 5.271 
2.051, -10.561 
-6.914, -0.0 
2.051, 10.561 
-4.053, -5.271 
-3.014, -0.781 
3.37, -3.668 
4.734, 8.456 
-19.57, 1.247 
-5.638, -3.743 
4.036, 3.7 
-7.425, -3.216 
8.875, 5.719 
3.858, -6.363 
1.939, -7.223 
-5.21, 5.411 
-11.629, -6.568 
-2.837, -4.097 
4.88, 2.904 
-1.104, -8.592 
-15.233, -11.357 
3.218, 3.939 
-6.105, -5.38 
-0.423, 3.02 
-5.758, 4.429 
-7.681, -3.218 
-4.238, 7.793 
0.94, 8.058 
2.117, 3.626 
10.381, -1.134 
3.238, -1.414 
-12.945, 4.495 
-1.615, 2.173 
-8.503, 4.009 
-2.164, -3.556 
-4.883, 8.548 
-8.915, 0.01 
-4.538, -2.048 
2.844, 7.701 
3.217, 5.834 
11.084, -1.29 
10.988, 1.897 
2.859, 1.054 
9.364, 0.163 
-10.188, -1.06 
15.794, -9.053 
-6.554, -6.719 
10.915, 0.805 
5.692, -3.313 
-5.138, 12.278 
-8.499, -9.146 
-4.217, 5.343 
9.581, 0.696 
-4.122, -5.355 
3.644, -1.317 
0.971, 3.411 
-0.654, 8.092 
-0.545, 0.306 
16.228, 4.933 
5.098, 13.862 
1.974, 14.839 
-14.712, 2.88 
-12.422, 2.055 
-1.403, -0.336 
-0.34, 2.788 
-1.25, -7.027 
3.459, -5.063 
4.539, 6.441 
5.782, 4.822 
2.338, -2.794 
3.122, -7.929 
-9.783, -5.112 
-14.156, -0.362 
3.002, 0.455 
-0.702, -8.213 
2.94, 9.566 
0.651, -3.482 
-0.396, -9.547 
-4.92, 2.981 
9.177, 4.727 
0.653, 11.169 
-9.387, 4.215 
-7.957, 13.364 
12.854, -4.598 
-3.558, 6.03 
5.457, 6.557 
-11.964, 0.264 
-2.005, -1.604 
-6.921, -8.862 
5.191, -4.442 
-7.46, 3.127 
-0.632, 3.403 
6.287, -2.257 
-6.884, -3.147 
2.465, -1.813 
-0.582, 6.87 
8.896, 0.355 
4.998, -5.606 
-3.783, 0.052 
-16.394, -3.304 
-0.421, -4.767 
0.646, 2.767 
6.987, -24.132 
-9.775, 0.376 
2.663, 2.996 
-3.938, -7.473 
3.958, -1.584 
10.143, 8.726 
0.316, -8.659 
-2.623, 5.088 
-4.084, 1.445 
4.096, 5.929 
-7.834, -14.089 
2.384, 3.651 
-4.434, -14.478 
2.971, 0.626 
2.053, 13.282 
-0.879, -0.96 
4.261, 1.9 
0.987, -0.561 
20.176, -9.424 
-10.724, 10.119 
4.671, 3.914 
-7.267, -7.25 
6.212, 4.492 
-6.389, -2.711 
3.36, -4.638 
-1.575, -7.778 
-5.392, -4.454 
6.031, 4.016 
-1.084, -8.222 
-7.388, -9.385 
-10.755, -8.04 
5.992, -1.357 
12.454, 1.512 
-5.979, 12.226 
-4.695, -0.822 
-3.731, 3.409 
-7.951, -0.928 
0.106, -2.313 
-5.587, 2.557 
17.958, -3.141 
-2.938, -0.421 
13.851, 4.229 
1.058, -7.013 
-4.224, -4.862 
7.556, 7.232 
2.368, 1.88 
7.97, -5.855 
8.229, -2.319 
9.438, -3.011 
-8.785, -1.001 
-14.789, -12.99 
-4.601, -1.687 
4.776, -6.556 
-5.685, -0.303 
-6.179, 3.277 
-6.903, 1.734 
12.104, 0.833 
11.006, -2.208 
-0.497, 1.642 
-9.389, 4.903 
-5.073, -0.717 
7.266, -1.532 
4.935, 1.005 
4.951, -13.925 
6.428, 2.174 
-0.889, -1.085 
8.353, -1.082 
8.628, -4.124 
-3.051, 8.53 
-3.869, 3.321 
4.957, -9.315 
-3.405, 12.847 
-0.352, 6.115 
-11.513, 8.614 
6.276, 10.51 
5.535, 9.648 
-6.701, 4.146 
6.035, 1.352 
-6.918, 3.069 
0.138, 7.426 
0.093, -1.838 
1.881, -1.268 
-4.037, 2.019 
-2.751, -3.038 
-6.619, 4.686 
-2.647, 3.035 
3.73, -8.761 
-3.455, -2.721 
-4.464, 6.582 
1.373, 3.632 
1.313, 9.73 
-7.5, -8.336 
4.995, 7.614 
-12.519, 6.056 
9.576, -2.47 
11.616, 5.02 
4.688, 2.007 
4.928, 12.79 
-0.118, 7.962 
-11.158, -6.733 
-0.445, -0.893 
-6.438, -3.599 
3.717, -2.513 
0.81, 1.345 
10.521, -13.653 
2.555, 3.085 
0.074, 1.843 
2.514, 2.668 
8.369, 1.445 
0.838, -1.013 
3.308, -3.204 
6.07, -1.457 
4.292, 3.994 
-2.327, -5.077 
1.669, -2.113 
-4.353, -7.676 
11.545, -5.311 
-9.579, -4.49 
-1.825, 0.359 
1.925, 0.423 
-11.802, 2.864 
3.463, 10.812 
5.659, 7.977 
-3.067, 2.438 
3.155, -1.682 
-9.591, -6.466 
4.758, -7.078 
11.924, 3.479 
-4.328, 0.193 
4.262, 3.064 
5.402, 9.104 
2.004, -8.121 
4.635, 2.011 
4.394, 0.358 
-3.42, -5.73 
-6.746, -2.496 
5.799, 3.709 
-5.395, -6.907 
8.517, 8.141 
-9.281, -8.447 
-3.342, 0.941 
-4.058, -13.036 
-1.098, 15.154 
-2.2, 2.204 
3.678, -1.56 
0.338, -7.472 
-2.567, 2.573 
4.365, 14.369 
-2.0, 2.406 
4.915, 0.21 
-0.97, -4.522 
-4.32, 0.544 
-4.653, 6.313 
0.265, 0.871 
3.929, -5.009 
11.947, 12.555 
-1.202, -0.591 
-5.338, 0.233 
-7.576, -10.239 
-2.079, 1.197 
0.513, 1.456 
-0.284, 4.291 
5.564, -6.312 
-2.766, 3.717 
-11.561, -17.86 
-9.588, 0.868 
-0.647, -2.162 
2.462, -10.662 
3.065, -3.739 
-3.069, -7.642 
6.181, 7.37 
-3.891, -1.194 
6.242, -5.598 
-8.864, 2.593 
1.412, 0.633 
-7.422, -10.492 
-11.166, -0.557 
8.395, -0.429 
4.352, 5.891 
-2.468, 6.446 
-0.661, 2.709 
-1.363, 2.56 
-7.074, -7.699 
3.026, 5.372 
0.71, 0.055 
-14.007, -10.657 
0.79, -0.444 
0.069, -10.138 
-1.754, -8.419 
-5.166, 1.906 
2.31, 6.201 
12.827, 6.484 
8.882, 2.357 
-5.355, -0.093 
-0.055, -13.063 
1.161, 0.639 
-3.797, 4.489 
-1.157, -5.818 
-2.048, 3.409 
-3.102, 5.228 
-7.075, -8.09 
7.926, 8.901 
-12.214, 3.333 
3.312, 4.03 
-0.256, -6.837 
3.684, -0.994 
10.726, -12.451 
-8.275, 4.209 
4.486, -1.623 
-3.014, 0.43 
0.184, -4.66 
-4.275, -4.546 
2.952, -4.863 
5.717, -2.291 
-3.919, 7.304 
6.859, 12.216 
14.379, 4.975 
0.367, -5.211 
-3.027, 6.273 
0.943, 1.371 
2.735, 7.242 
-3.209, 5.935 
7.852, -0.32 
2.494, -7.184 
0.908, -6.299 
-2.097, 7.409 
3.409, -7.702 
6.35, -10.667 
-4.276, -0.078 
-0.965, -7.604 
8.414, -11.903 
-2.451, 20.409 
9.726, 14.387 
3.086, -11.319 
-6.786, -1.743 
11.719, 2.179 
3.184, -1.047 
-2.614, -12.735 
-1.975, 0.118 
-11.969, 7.272 
-3.422, -0.312 
1.187, -4.237 
10.732, -6.162 
-5.186, -11.213 
-1.809, -9.569 
21.639, -8.108 
2.932, 11.065 
0.791, 8.285 
5.478, 15.421 
-4.164, 4.78 
-2.227, -5.826 
4.994, 5.913 
-8.182, 1.262 
-6.957, -4.309 
3.665, -8.697 
-8.56, -8.991 
-4.546, -2.208 
-1.675, 6.553 
1.686, -5.549 
-1.951, 5.172 
0.333, 10.199 
14.492, 3.985 
3.191, 18.987 
-2.4, 12.629 
-6.501, 3.804 
5.0, 0.032 
-1.18, -2.878 
-3.701, -0.336 
-12.715, -1.961 
6.957, 18.635 
0.771, 2.025 
-9.172, -3.875 
-4.257, 5.856 
6.247, 10.84 
-1.505, -5.665 
-2.179, 10.644 
-0.403, 7.787 
-3.237, 7.603 
0.329, 2.745 
6.18, -5.2 
3.822, -8.327 
-7.548, -5.804 
3.332, -15.443 
2.583, 8.622 
5.081, -7.119 
9.169, -1.36 
4.522, 7.687 
3.591, 8.291 
9.783, -2.955 
-1.055, 14.299 
2.546, -4.829 
2.881, -10.118 
7.659, 2.3 
0.408, 11.197 
-12.256, 7.135 
-3.567, 5.01 
4.125, -4.43 
-0.554, 5.125 
-6.526, 0.078 
11.137, -10.489 
-6.968, 2.564 
0.997, -9.389 
-5.958, -0.743 
-8.146, 1.736 
2.011, -1.639 
21.199, -3.726 
9.644, -5.661 
-3.648, -12.257 
1.741, 7.502 
-0.731, -4.22 
0.076, 10.778 
-2.224, 0.962 
-7.239, 9.267 
3.727, 20.017 
13.172, 0.563 
-5.481, 6.864 
0.351, 10.174 
-13.507, -4.771 
0.38, -0.083 
-11.346, -5.835 
-10.582, 1.548 
-4.464, -3.081 
7.822, 1.396 
2.432, 8.002 
-5.06, -9.36 
7.595, 1.092 
-2.979, 7.152 
-6.334, -2.981 
0.947, 6.586 
-2.943, 3.235 
-1.42, 4.907 
-1.706, 5.204 
-9.288, 2.354 
-14.513, 11.324 
2.933, -4.99 
-3.864, -8.147 
-5.457, -1.27 
10.353, 4.514 
-3.464, -1.496 
-2.692, 5.309 
3.094, -5.101 
8.814, -4.818 
-5.122, 3.196 
-0.588, -12.935 
-9.985, -2.91 
-9.337, -3.281 
-5.094, 4.499 
8.649, 2.715 
-3.967, -5.908 
2.741, 1.26 
-9.269, 8.423 
8.915, -11.191 
-6.452, 3.184 
-13.276, 5.334 
-0.211, 13.358 
-1.364, -15.965 
9.067, 4.097 
2.962, 0.601 
3.499, 12.822 
4.865, 6.535 
-6.533, -3.845 
-8.688, -6.765 
-3.673, 4.804 
7.184, -0.88 
-13.725, -4.293 
5.174, 5.826 
-8.515, 13.438 
1.849, -4.137 
2.492, 6.12 
-3.391, 5.315 
-6.307, -4.01 
-11.88, -5.004 
-3.271, -3.236 
-4.917, 1.432 
6.323, 11.152 
-8.001, -1.399 
-5.617, 2.93 
-7.028, 15.694 
8.783, 4.07 
-14.284, -8.343 
2.295, 3.146 
2.453, 11.502 
2.596, 2.674 
3.525, -3.2 
-1.22, -4.593 
-7.746, -3.407 
-3.554, 5.306 
0.554, -11.791 
-5.306, 4.265 
-1.281, -0.725 
-1.633, 16.613 
-7.058, -14.068 
-2.696, -1.167 
-8.101, 7.592 
3.288, -16.136 
3.702, 9.971 
-1.24, -1.278 
7.418, 4.13 
-5.971, -2.615 
0.941, -16.264 
5.123, -0.127 
6.846, 4.202 
-10.579, 1.023 
4.909, -11.701 
-1.302, 2.011 
3.024, -0.434 
5.182, -10.391 
0.244, -3.452 
-16.379, 9.368 
-0.094, -1.319 
-2.678, -1.673 
-9.325, 5.321 
20.25, -18.333 
12.265, 6.762 
12.993, 0.254 
10.345, 1.808 
-1.616, -5.809 
-7.02, 2.268 
11.783, 7.353 
8.823, 0.888 
13.205, 6.154 
-12.308, 8.183 
-4.552, 5.004 
4.637, -2.512 
-4.424, -6.123 
-1.728, 5.085 
-17.282, 5.783 
2.564, -11.687 
4.652, 4.26 
-5.626, 1.514 
12.816, -4.695 
2.884, -11.442 
10.866, -5.829 
3.748, -2.361 
-1.154, -13.897 
5.332, -1.098 
-7.273, -3.047 
11.465, 0.314 
10.803, -2.026 
5.203, -3.261 
0.151, -4.857 
-5.227, -6.401 
-0.337, 4.243 
3.674, -2.55 
6.256, 1.13 
-9.289, 2.601 
-8.234, 1.026 
13.672, 0.003 
2.901, 2.956 
-6.912, -6.013 
-0.606, -4.704 
13.3, -15.399 
4.1, -2.375 
-10.276, 3.374 
9.308, -3.34 
7.936, 2.149 
-1.203, -3.97 
-5.152, 1.174 
1.386, 2.85 
9.358, 2.479 
-2.966, -0.275 
-0.73, -9.179 
14.012, -2.1 
3.5, -1.609 
3.563, 0.689 
2.352, 11.646 
-3.819, -1.903 
-1.054, -2.34 
-2.469, -0.224 
5.937, 1.689 
-3.447, -11.832 
0.105, 8.029 
-7.983, -6.456 
4.193, -7.647 
-2.144, 4.02 
10.788, 8.689 
5.229, -1.634 
-8.941, -10.398 
-11.892, -3.386 
0.757, 5.338 
-2.507, -1.613 
-16.29, 6.533 
6.022, -11.191 
-10.825, 4.919 
2.375, -8.741 
2.249, 0.287 
2.042, 6.944 
-2.563, 0.347 
-4.259, -6.111 
1.053, -9.985 
-9.318, 3.544 
10.346, 5.549 
13.501, 1.572 
-4.243, 2.92 
-2.142, 13.692 
-0.589, 10.194 
-7.101, -4.697 
-6.476, 5.756 
-4.941, 5.172 
-0.206, -0.791 
-0.497, -7.46 
-1.003, 4.038 
-4.682, 1.031 
-2.304, -3.201 
3.219, 3.646 
-4.306, 7.298 
-5.431, 7.281 
2.216, -7.539 
-4.578, -4.634 
5.683, -2.92 
-1.753, -3.22 
-2.924, 8.637 
-4.374, -9.119 
6.437, -5.067 
-1.224, -5.691 
6.852, 9.114 
-5.646, 0.381 
-0.289, -0.62 
6.682, -6.505 
2.312, 5.94 
-0.236, 1.409 
-2.91, 3.151 
-6.154, 9.345 
6.153, 6.954 
-6.155, -4.39 
7.235, 5.273 
5.689, -5.323 
-3.423, -1.529 
1.409, -1.189 
17.588, -5.869 
6.091, -3.642 
1.205, 7.058 
-10.705, 4.664 
-1.991, 2.197 
-3.051, -4.248 
4.801, 2.676 
-6.682, -5.822 
-4.846, 14.809 
0.842, -1.425 
-3.63, 10.854 
-2.316, -1.092 
-3.315, -4.216 
-9.362, 3.175 
3.113, -9.264 
1.865, 4.527 
8.29, 7.323 
-0.276, 6.86 
-5.465, 10.224 
-3.004, 12.036 
-6.204, -4.196 
2.598, -3.862 
-2.359, -16.351 
5.919, -6.643 
-6.357, -0.046 
15.293, 3.799 
-7.98, 7.693 
8.468, -8.55 
-5.44, 3.211 
7.83, 4.4 
7.617, -1.677 
9.073, -5.505 
-0.733, 0.475 
-5.837, -7.032 
3.886, 8.171 
9.945, 1.713 
1.914, -10.881 
-5.869, 1.446 
-2.585, 6.652 
-3.768, -0.783 
-4.874, 1.807 
2.117, 7.939 
7.425, -7.629 
-2.653, 5.521 
9.076, -12.073 
7.527, -7.226 
1.051, -5.753 
1.914, -1.567 
2.122, 7.302 
-3.423, -5.625 
1.451, -16.11 
-1.537, 7.47 
1.706, 8.31 
-1.944, 1.99 
-10.026, -13.651 
0.718, 4.009 
-0.183, -7.388 
-8.672, -13.521 
-4.095, -2.298 
3.183, 4.309 
2.096, 6.304 
0.601, -4.426 
4.658, -6.037 
-14.55, 10.02 
7.367, 9.585 
-4.514, -3.497 
-3.885, -1.988 
-4.771, 2.742 
9.003, 1.279 
-9.627, 4.495 
-4.208, 3.225 
-7.998, -13.185 
-7.7, 0.622 
-8.861, 4.437 
4.107, -5.822 
1.103, -4.324 
-5.598, 3.851 
13.385, -6.598 
-0.923, -5.728 
-3.486, 6.246 
-3.282, 6.583 
14.347, 1.46 
4.08, -3.833 
-2.444, 10.133 
-6.209, 5.639 
9.426, 4.267 
-8.073, 5.175 
-5.662, 0.825 
10.596, -2.242 
12.324, -6.078 
4.474, 5.242 
3.742, 11.434 
-5.091, -1.063 
3.871, -0.548 
-13.819, 1.482 
2.294, 12.199 
-12.973, -10.664 
-8.439, 5.558 
-1.54, 3.852 
6.822, -5.022 
3.148, 7.764 
-1.356, 4.268 
1.964, 5.986 
7.839, -1.152 
-11.446, -4.986 
-6.464, -5.928 
9.377, -3.474 
-1.368, 4.473 
-6.698, 7.368 
-11.159, -5.379 
-7.6, -3.503 
7.174, 2.669 
0.161, 6.591 
6.824, -9.142 
-7.908, 7.897 
-1.123, 9.784 
-4.284, -0.779 
-8.678, -1.792 
5.34, 3.662 
-7.933, 8.286 
-5.094, 12.237 
12.345, 6.467 
1.234, 4.231 
-2.181, -5.385 
-7.339, 0.09 
-6.141, 4.451 
-3.291, -0.525 
-4.439, -2.843 
3.617, 5.37 
9.24, -3.55 
-2.7, -0.403 
-2.121, 3.247 
-2.051, 2.302 
6.573, 1.692 
6.438, -5.01 
1.408, -3.441 
6.393, -3.979 
4.341, -10.4 
-9.103, -0.616 
-2.793, -3.306 
3.033, 4.029 
9.944, 7.367 
-4.168, 0.664 
9.65, -3.719 
-0.839, -10.07 
-3.354, 13.662 
2.791, 5.421 
-4.01, -0.14 
5.774, 4.777 
-6.977, -8.989 
-8.114, 3.115 
-5.033, 4.816 
-4.786, 3.854 
1.141, 5.534 
-3.204, -4.375 
-5.808, 7.913 
-2.325, -15.662 
-9.491, 9.667 
0.685, -2.473 
12.272, 5.709 
-8.373, 5.324 
-2.277, -14.407 
-11.327, 5.883 
-11.838, -0.278 
6.565, 0.952 
4.615, -8.874 
-2.487, -9.644 
7.62, 0.842 
9.705, 8.399 
-12.616, -1.908 
0.769, 7.334 
-0.844, 2.881 
-4.13, -5.333 
2.334, -0.317 
6.567, -4.392 
-3.347, 10.359 
-1.155, -3.48 
-10.908, -5.977 
3.936, 0.0 
11.379, 7.979 
-4.987, -0.43 
2.501, -6.579 
11.477, 9.733 
-6.264, -0.746 
18.986, -9.314 
-6.609, -6.038 
8.507, 9.159 
3.891, -6.267 
6.475, 5.438 
5.546, 1.209 
3.447, -2.982 
3.298, 4.888 
-1.103, -4.468 
-6.407, -10.465 
6.327, 0.541 
-0.591, 0.447 
0.953, 2.963 
0.026, -3.148 
3.446, 14.468 
-4.3, -10.558 
-8.109, 4.078 
-1.38, -0.666 
-6.31, -1.245 
-0.728, 1.474 
1.088, -1.495 
-1.574, 3.514 
-3.141, -1.545 
5.487, -1.777 
-6.192, -3.833 
-5.37, 7.629 
-6.731, -3.422 
2.728, 3.182 
-6.99, -9.32 
0.433, 6.9 
1.199, 7.06 
-4.119, -10.424 
-5.45, 0.347 
-13.227, -1.644 
16.271, -8.326 
-5.456, 4.342 
12.581, -4.851 
-1.555, 4.893 
-8.974, -7.537 
-11.651, -17.822 
-0.513, -2.975 
4.716, -4.685 
2.258, 8.898 
-10.11, -7.567 
7.557, -1.322 
-9.516, 0.131 
2.16, -3.864 
-2.065, 3.37 
0.909, -6.315 
10.286, -0.202 
24.428, -10.933 
-1.76, 2.499 
7.037, 3.524 
-1.55, 3.171 
5.0, -11.368 
10.433, -3.412 
-2.607, 10.876 
-4.051, -0.984 
14.716, 0.658 
0.683, -14.571 
1.44, 0.154 
-7.757, -13.103 
-14.986, -9.791 
1.668, 2.962 
-8.171, 2.141 
8.61, -8.686 
3.98, -15.738 
10.991, 0.577 
9.258, 6.205 
7.015, 3.021 
-5.397, 0.689 
6.666, 4.021 
8.801, -11.708 
-0.695, 5.534 
5.749, 8.394 
3.09, 0.474 
-1.558, -11.361 
-17.905, -7.084 
3.365, -3.657 
2.875, 3.103 
5.362, -9.063 
-5.793, -3.669 
-4.721, 4.116 
1.356, -6.121 
-4.302, -8.745 
-13.385, -11.613 
-9.965, -1.096 
-6.183, 4.007 
-1.189, -2.154 
-0.171, -12.899 
2.833, -11.202 
-9.174, -2.022 
-3.948, -1.099 
4.655, -5.459 
1.243, 6.588 
-3.462, -1.443 
-4.843, 7.324 
7.578, -9.559 
3.449, 5.051 
4.827, 1.247 
12.69, -11.84 
-15.598, -0.995 
-9.794, 6.692 
-6.888, -1.15 
4.304, 5.247 
-3.432, 9.964 
-4.343, 6.821 
-3.449, 14.921 
11.491, -0.505 
-5.813, 0.518 
-1.406, -4.178 
-1.301, -1.761 
0.708, 1.378 
0.263, -3.373 
2.784, -4.131 
-3.546, 1.93 
-5.829, 5.522 
10.574, -0.716 
2.195, 2.497 
12.466, -2.603 
2.546, 0.843 
-7.609, -8.8 
7.338, 1.071 
-8.886, -4.902 
0.549, 4.938 
-6.392, -9.519 
0.47, -7.493 
-3.191, -7.33 
1.748, -0.66 
6.497, 11.631 
-5.931, -4.407 
-8.695, 2.593 
-3.906, 0.048 
2.165, -3.866 
-1.298, -4.875 
1.142, 6.543 
-2.96, 0.692 
0.224, 19.5 
1.028, -3.948 
3.955, 11.351 
-0.583, 15.448 
7.943, 1.346 
-3.448, -0.299 
-5.971, 6.05 
3.702, -0.041 
-3.467, -2.785 
4.328, -4.789 
-0.858, -0.383 
8.298, 6.934 
1.221, -12.011 
3.13, -6.635 
6.523, 11.451 
3.634, 10.874 
7.884, -0.652 
-3.138, 1.241 
5.578, 3.044 
1.737, -10.894 
2.258, 10.252 
-10.32, 7.757 
2.983, -2.518 
16.023, -7.852 
-3.15, 15.274 
3.025, -0.062 
2.704, 4.278 
-11.368, -7.537 
3.285, -1.869 
-2.62, -3.959 
-1.009, 15.531 
-1.372, 5.208 
0.986, 1.787 
-9.181, 1.587 
-4.608, 3.962 
8.035, -6.515 
5.233, -5.688 
5.219, 0.857 
-1.578, -5.287 
9.684, 0.899 
-5.305, -8.571 
-13.09, 4.355 
-2.605, -0.202 
6.822, 1.522 
-7.97, -0.331 
3.054, 10.085 
7.137, -11.297 
-7.231, -6.695 
9.077, 5.25 
-8.748, -9.362 
3.867, 0.984 
-4.316, 0.024 
-6.882, 3.844 
-1.689, -1.061 
3.527, -8.284 
-16.918, -8.356 
-1.411, 6.024 
0.499, 15.604 
-8.941, -6.109 
-4.99, -0.59 
0.945, -4.762 
-7.274, 2.353 
-4.098, -9.082 
-5.382, 3.011 
-14.363, 7.33 
6.55, 3.613 
-0.3, -15.684 
1.3, -0.227 
-0.885, -8.655 
-3.623, 2.382 
-1.404, 7.174 
4.311, -2.115 
0.15, 12.433 
-4.143, 2.704 
-8.63, -16.425 
-17.912, 5.661 
8.012, 0.118 
-7.025, 3.554 
2.347, -3.327 
-0.84, 1.953 
-0.755, -11.624 
4.503, -6.498 
-2.957, -7.334 
8.087, -0.915 
4.029, -1.364 
5.615, 0.062 
4.079, -10.627 
-5.351, 8.939 
9.758, -9.715 
10.01, -2.465 
4.959, -0.536 
6.398, 9.943 
-11.532, -9.898 
1.34, -3.698 
7.802, 4.697 
15.118, -4.106 
-5.932, -11.736 
-0.013, -4.868 
3.659, -6.153 
8.554, 6.881 
10.972, 0.967 
-8.113, -2.951 
5.195, -13.545 
-9.369, -4.155 
-6.592, 0.39 
5.426, 1.49 
-2.991, 6.104 
1.778, -10.929 
0.85, -6.22 
-1.196, 10.788 
-1.542, -12.41 
13.962, 1.738 
-0.002, -2.896 
-10.095, 6.784 
-2.694, 5.782 
3.222, 2.598 
9.27, 2.412 
8.163, 12.041 
-6.302, -1.018 
5.476, -6.182 
-0.893, -8.894 
0.05, -17.738 
3.382, 2.356 
5.298, -5.034 
3.558, -9.799 
3.099, 11.353 
3.688, -0.752 
5.909, 0.875 
-1.297, -0.756 
3.197, 2.237 
3.458, -0.292 
5.432, -5.229 
7.964, 12.965 
-0.395, 5.741 
-8.824, 0.12 
6.917, -8.527 
-0.37, 2.977 
-9.665, -1.03 
-7.378, -1.499 
-1.044, -1.379 
-1.62, 1.487 
10.855, 6.505 
0.671, -1.749 
-1.765, 18.973 
4.548, -3.546 
-2.205, -2.269 
-1.924, 0.872 
2.544, -5.626 
-6.761, 14.722 
0.008, 1.901 
11.392, 8.016 
-13.259, 1.144 
-4.325, 6.466 
-7.418, -3.015 
-8.534, 2.413 
1.886, 2.542 
3.964, 0.41 
-2.487, 4.032 
-3.386, -2.981 
1.721, 6.41 
-1.903, -7.55 
-1.868, 11.6 
-4.328, 7.276 
0.841, -2.012 
-7.803, 17.769 
-4.59, -3.696 
3.576, -5.837 
-0.259, 0.117 
-4.464, -1.734 
-0.958, 4.725 
-8.144, -15.133 
12.471, -2.199 
-8.318, -2.31 
9.683, 5.575 
11.483, -6.801 
1.775, -3.329 
0.283, -4.795 
-6.726, 7.321 
-0.258, -9.337 
-8.269, -0.562 
3.35, 2.107 
0.417, -1.788 
3.288, -2.055 
6.736, -8.911 
-7.339, -0.568 
-0.712, -8.183 
2.211, -3.533 
-3.128, 7.122 
10.721, 1.324 
-11.416, 8.123 
14.991, 4.934 
1.383, 2.241 
18.523, 3.496 
8.052, 6.237 
10.773, 0.564 
-3.737, -2.7 
-0.865, 4.117 
-9.826, -4.576 
-7.786, 2.536 
-2.947, -4.872 
-2.869, 0.725 
4.886, 8.232 
2.332, 9.855 
3.523, -10.104 
-2.942, 5.062 
2.245, 2.952 
-2.436, 1.408 
-0.516, 6.577 
3.648, -10.519 
-5.095, 6.379 
-14.003, -0.725 
7.873, 0.639 
-2.692, -2.128 
-0.327, 8.675 
3.011, -2.111 
-6.328, 5.672 
1.589, -6.842 
6.948, -2.871 
1.341, -13.925 
-15.064, 12.14 
13.831, 0.269 
-9.291, 5.85 
11.532, -4.442 
6.5, -0.805 
6.357, -6.089 
13.558, 0.117 
-1.377, 3.658 
0.849, 11.974 
4.637, -7.793 
-6.143, 1.25 
-2.844, 1.584 
10.946, -0.303 
-3.145, -3.658 
4.517, -3.026 
-6.011, -11.938 
4.272, -6.713 
0.149, -0.611 
8.331, 7.209 
-9.255, 21.314 
7.425, 1.462 
-12.167, 11.055 
3.522, 9.544 
10.738, 6.224 
0.987, -2.936 
4.028, -17.144 
1.089, 10.074 
-1.711, -3.433 
-0.723, 3.44 
-1.941, -3.667 
-5.094, 3.6 
7.191, -2.879 
11.614, -5.932 
2.157, -12.667 
-4.174, -4.584 
-9.909, 4.19 
0.575, 11.355 
-14.321, -0.714 
2.165, 11.951 
-20.299, 4.053 
-7.988, 6.356 
-0.119, -10.658 
-8.773, 14.051 
-7.197, -21.704 
-3.976, -7.037 
17.329, 5.702 
-7.277, 3.928 
-8.638, 1.237 
-2.488, -8.122 
2.148, -7.868 
-0.121, -8.012 
-2.692, 13.39 
-6.244, 1.789 
3.956, -4.08 
3.473, 0.669 
5.702, 3.833 
-2.016, 10.634 
6.681, 4.716 
-7.873, 8.265 
4.901, 14.165 
1.169, 5.805 
2.824, -10.551 
-1.092, 5.55 
5.87, 9.035 
6.445, 0.913 
-3.285, -9.976 
10.067, -9.012 
-0.124, 4.653 
-5.681, -10.25 
-2.127, 5.981 
3.747, 1.99 
0.342, 3.47 
0.482, -1.096 
-11.368, 10.261 
6.382, -1.933 
0.852, 4.012 
6.35, 6.293 
2.162, -1.637 
-1.546, -5.287 
3.143, -8.341 
-5.257, -13.65 
8.951, 8.335 
2.038, -5.137 
-4.992, -6.105 
-11.195, -1.859 
1.512, -6.44 
-9.406, -10.217 
2.226, -0.502 
0.397, 2.704 
5.764, -3.751 
1.617, 4.672 
-9.096, -5.496 
2.941, -2.189 
1.003, 0.788 
-2.428, -8.199 
-1.163, 13.17 
4.023, 4.811 
2.676, 1.763 
5.414, -14.32 
4.401, -2.177 
7.793, -6.425 
1.514, 7.331 
4.164, -4.328 
2.648, -8.067 
-8.333, 7.718 
5.498, -6.351 
-6.404, -7.893 
13.548, -3.658 
-4.777, 0.012 
8.947, 1.697 
-11.131, -9.215 
5.525, 3.889 
2.547, -10.391 
8.943, 1.91 
-6.915, -4.574 
14.722, -16.224 
-3.027, -2.776 
-5.802, 4.454 
-2.043, -4.303 
10.089, 5.577 
5.159, 3.823 
-5.411, -12.483 
6.679, -3.488 
14.585, 13.294 
0.423, -5.445 
3.7, 2.27 
-3.91, -3.328 
9.593, 3.285 
-8.051, -4.304 
-5.591, -1.174 
-4.4, 3.312 
-8.415, -1.013 
-11.223, 0.058 
13.415, 1.615 
1.492, 2.779 
-2.405, -4.799 
-7.334, -4.425 
-2.001, 0.338 
-9.421, -0.71 
-1.509, 9.255 
4.82, 6.505 
-4.459, 0.975 
-10.454, -6.459 
-4.318, 0.734 
-3.77, -3.907 
0.687, -1.966 
-4.41, -0.379 
-14.295, -11.232 
5.384, -7.403 
-6.03, -4.022 
-2.204, -0.407 
-9.159, 7.978 
-2.342, 12.188 
7.544, 4.296 
9.202, -5.19 
-6.087, 4.336 
-0.459, 19.631 
3.631, 3.366 
2.972, 16.356 
-9.81, 1.251 
-2.441, -6.313 
-4.599, -8.069 
-0.141, 1.133 
-2.951, 10.526 
-4.988, -4.109 
4.149, -4.582 
3.801, 3.016 
-1.135, 0.336 
0.31, -7.775 
-1.769, 9.954 
3.715, 8.67 
-6.898, -2.41 
9.246, -12.24 
-6.428, 7.502 
-2.699, 2.119 
6.618, 7.446 
16.758, -9.774 
0.254, 11.252 
1.292, -0.472 
-1.159, -1.844 
-1.961, 5.857 
5.828, 6.655 
-3.816, -1.549 
-3.693, -7.408 
-2.709, -7.447 
1.813, -0.74 
8.096, 5.628 
4.282, 7.621 
3.789, -8.209 
9.061, -2.26 
-1.76, 2.552 
-9.499, 4.098 
-2.655, 5.13 
3.565, 10.555 
3.848, -4.406 
-5.643, -3.177 
-3.761, 1.591 
8.282, -4.911 
12.018, -7.576 
-2.618, -3.021 
-2.794, -0.732 
-7.23, 3.236 
-19.027, -0.439 
-0.687, -14.563 
-14.993, 14.384 
0.12, -0.93 
3.318, 5.23 
-3.72, -1.017 
-3.652, 0.916 
-0.429, -6.763 
-3.313, -1.745 
3.961, 6.711 
-3.174, 2.474 
-3.748, -2.481 
12.437, -4.488 
1.537, -1.735 
-1.146, 1.999 
-0.679, -2.622 
4.095, -7.178 
8.776, 12.776 
-2.606, 1.538 
-6.861, -4.166 
-11.103, 5.84 
13.475, -0.792 
1.945, 12.586 
3.183, -7.338 
-12.117, 3.121 
6.442, -8.247 
0.155, -17.739 
3.852, 6.456 
2.095, 4.788 
-1.587, 11.63 
10.874, -5.571 
-1.516, -4.744 
0.845, -3.118 
12.589, 12.654 
-6.625, 7.986 
-8.048, -12.786 
3.455, 0.778 
8.338, 0.359 
-0.402, -0.768 
3.882, -3.98 
14.423, 2.387 
-5.188, -18.466 
-1.201, 0.288 
3.922, 4.328 
1.498, -0.728 
-2.057, -7.647 
-2.039, 2.67 
-11.036, 8.531 
-2.988, 9.627 
-1.249, -5.79 
-6.854, 0.285 
-4.134, -2.268 
-8.57, 0.223 
-8.467, -1.868 
-13.351, -9.962 
-3.442, -1.576 
-7.293, 8.265 
2.87, 1.936 
3.908, -1.459 
8.619, 0.688 
2.773, 7.401 
0.373, -8.724 
-2.385, -3.935 
-3.219, 1.527 
-3.827, -2.943 
-5.433, 3.906 
-6.039, -5.474 
-1.402, -9.797 
-1.619, -6.816 
1.873, 3.274 
1.842, -6.308 
-2.004, 6.732 
-4.885, 1.484 
17.619, 4.803 
5.024, -1.042 
-7.146, -0.298 
-3.281, 1.247 
-10.575, -9.064 
-0.745, 7.848 
-0.986, 1.791 
-7.421, -0.519 
9.252, -7.004 
-9.851, 2.323 
-0.018, 2.552 
7.249, 8.964 
-10.58, -1.283 
5.036, -7.841 
11.178, 3.357 
6.663, 1.086 
-0.202, -3.449 
6.211, -2.597 
1.791, -5.005 
9.967, -0.099 
-3.897, 7.481 
0.577, 7.653 
11.412, 8.652 
-3.779, 5.314 
-3.188, 1.21 
-4.967, -12.03 
8.086, -7.642 
3.293, -0.809 
4.63, 11.308 
12.154, 2.909 
3.302, -4.616 
3.584, -3.293 
-7.073, 2.928 
4.172, 0.843 
1.449, -4.596 
-0.296, 0.586 
2.044, -2.25 
-1.757, 1.673 
-7.712, -11.328 
-0.8, 2.214 
-3.122, 12.082 
1.098, 6.11 
4.154, 1.43 
11.622, -0.631 
-5.476, 12.684 
-17.502, 1.786 
0.346, -4.707 
-7.59, 5.606 
17.026, -1.777 
-2.285, -7.425 
-4.071, -2.365 
4.605, 0.845 
6.742, 8.06 
6.46, -10.651 
3.81, 4.721 
12.867, 8.277 
-7.561, 5.607 
4.36, -1.835 
-1.022, -0.913 
-5.548, 2.65 
3.972, -0.607 
2.445, 15.89 
-14.481, 3.982 
-10.816, -8.024 
-4.111, 12.239 
7.955, 2.302 
8.463, -1.306 
-0.455, -12.68 
4.199, -0.002 
3.807, 1.196 
10.123, 7.666 
-5.516, 6.733 
7.06, -4.547 
0.485, 3.501 
-4.622, 7.149 
-2.954, -5.716 
-9.976, 0.336 
4.819, -4.764 
-4.236, -2.408 
-10.157, 12.617 
-13.059, -1.827 
0.029, -1.701 
-0.637, 3.069 
-18.419, -0.34 
-5.583, -0.475 
-4.942, -4.656 
-2.703, -2.187 
1.166, 0.198 
-1.122, -14.298 
-3.858, -8.243 
8.612, 7.471 
2.268, -0.038 
-4.821, 1.705 
8.184, -2.998 
-7.594, 2.091 
-11.531, -8.529 
-6.032, 1.788 
-1.219, -3.49 
-1.921, -1.163 
0.785, 6.856 
-8.557, 2.556 
-9.063, -17.744 
13.641, -3.257 
-9.147, -7.001 
1.021, 1.443 
7.482, 0.658 
-6.67, 4.422 
-1.859, -1.17 
1.846, 9.742 
-2.555, 11.884 
-16.809, 5.055 
8.696, 7.816 
10.096, -18.472 
0.771, 9.849 
-8.48, 3.28 
9.275, 13.598 
-10.783, 8.001 
4.481, 1.026 
-6.602, -2.19 
-1.054, -3.732 
9.048, -1.065 
-5.307, 0.752 
12.989, -8.07 
-2.214, 2.264 
-7.252, -1.653 
15.268, -5.526 
-0.699, -4.124 
-1.167, -3.862 
-8.31, -2.978 
-0.676, -10.681 
8.265, -7.833 
8.572, -2.724 
2.115, 5.479 
-4.574, 6.294 
-2.687, -11.644 
4.695, 9.762 
-4.275, 6.947 
-8.28, 0.135 
-0.496, 2.332 
-13.237, -13.438 
9.702, -7.856 
-4.232, 6.115 
-7.837, -0.647 
2.831, 0.369 
-4.448, 7.645 
3.084, 3.507 
-7.855, -16.884 
-1.251, 13.925 
6.412, -0.238 
-5.107, 1.481 
-2.24, -11.786 
4.499, -9.81 
-6.228, -5.533 
4.586, -1.799 
-3.346, 2.507 
13.112, -12.841 
-7.613, 11.587 
4.321, -1.669 
-0.37, -13.845 
-2.498, -6.33 
-6.312, 4.768 
-5.048, 2.449 
-3.443, -0.742 
0.015, 4.578 
9.368, -9.332 
-9.079, -8.222 
2.022, -0.545 
-7.013, -8.041 
10.352, -6.778 
9.065, 10.681 
2.621, -3.472 
-11.872, 7.919 
-9.261, -5.631 
1.118, 5.233 
-6.439, 6.938 
0.037, -1.56 
5.787, 10.975 
-3.62, -1.581 
-10.809, -5.888 
5.643, -4.361 
-6.194, -0.475 
-0.649, 2.072 
-0.856, -8.92 
9.496, 3.621 
-3.683, -5.343 
-9.717, -5.981 
-4.52, -8.414 
7.924, 1.283 
10.103, -1.402 
-0.198, -10.436 
2.029, -8.423 
-0.256, 5.651 
-1.676, -5.138 
-0.784, 4.224 
-6.548, -2.478 
-1.799, -8.331 
6.797, 0.712 
-4.791, 2.667 
2.298, -2.482 
-0.6, -3.21 
-11.116, 8.026 
5.876, -2.802 
-4.55, 3.883 
3.928, 8.143 
-7.651, -20.987 
-0.888, 8.983 
2.693, 4.907 
5.63, 1.302 
0.264, 2.228 
5.131, 0.116 
1.124, -8.687 
-13.062, -9.213 
-3.439, -3.475 
0.941, -3.894 
3.247, -6.796 
1.958, -1.675 
-2.393, -6.352 
0.287, 3.614 
-0.309, 1.553 
1.647, 5.194 
-4.888, 0.856 
0.543, -7.603 
-11.473, -3.624 
-12.226, 0.923 
0.106, -8.23 
-6.366, 4.657 
-0.89, 0.983 
11.578, 15.347 
-7.546, -11.928 
0.669, -4.745 
-7.482, -6.782 
-4.992, -17.691 
-14.293, -11.372 
3.428, 1.663 
5.026, -6.492 
9.926, 4.859 
-2.406, 3.593 
-3.317, 11.952 
-2.803, 6.472 
-10.905, -0.415 
-4.145, -2.216 
12.576, 4.792 
-1.541, 3.237 
0.412, -12.558 
15.016, 3.183 
-24.088, 12.091 
0.295, 2.121 
3.071, -9.354 
-0.89, 5.214 
0.952, -1.811 
0.559, -5.586 
2.36, -4.283 
1.692, 17.568 
-2.216, -1.907 
-1.11, -1.147 
-4.718, -0.65 
5.384, 0.176 
9.114, 1.792 
-1.7, 3.851 
-1.697, -3.263 
1.126, 9.115 
7.041, 6.912 
7.485, 4.47 
-7.003, 13.628 
-5.6, -5.038 
4.236, 2.563 
-2.247, -7.773 
3.671, -0.347 
11.923, -5.546 
-2.698, -1.042 
-3.883, -1.034 
3.284, -16.949 
-7.062, 0.338 
-8.052, 7.862 
-3.827, 1.177 
-1.694, -14.289 
3.783, 13.201 
-4.627, -7.769 
-4.952, -5.713 
-15.409, -6.487 
-8.245, 9.817 
-0.874, -5.987 
-0.249, 5.519 
-0.15, 4.88 
-0.017, 4.267 
-1.964, -16.32 
-6.378, -15.005 
6.577, -2.999 
3.247, -1.006 
2.736, -7.072 
2.038, -10.572 
-1.851, -0.685 
-11.342, -4.633 
-3.652, 10.501 
-24.349, -4.812 
4.952, -0.987 
3.383, -7.638 
5.887, 4.178 
-12.374, -4.802 
3.293, -7.56 
2.537, -15.74 
-0.987, -9.912 
-9.826, 3.79 
-3.009, 10.324 
-16.513, -7.077 
-5.647, 6.644 
1.738, 3.533 
0.652, 3.089 
-12.1, 5.748 
-3.873, 0.825 
1.417, -0.903 
0.116, -3.955 
-7.591, -20.092 
-0.999, -9.091 
-4.777, -14.246 
-4.907, -5.825 
-5.1, 3.153 
0.362, -20.306 
-4.315, -17.765 
-23.393, -6.589 
-3.67, -6.192 
-1.318, -9.333 
-21.83, -13.043 
-18.885, -14.574 
-14.113, -6.044 
-21.878, -5.722 
-25.743, -36.316 
-41.235, -42.123 
-102.483, -92.12 
258.47, 214.513 
55.626, 56.521 
27.541, 28.926 
12.314, 25.019 
12.862, 14.338 
13.699, 15.184 
5.578, 12.678 
13.738, 8.44 
16.904, 10.519 
11.71, 2.731 
19.846, 11.454 
-2.948, 5.254 
1.88, 15.879 
9.659, 2.731 
7.253, 0.873 
6.461, 2.061 
14.896, 9.559 
5.789, 10.596 
18.372, -5.716 
0.002, -1.309 
2.594, -16.024 
-8.678, 0.894 
12.265, 7.141 
3.455, -3.891 
-7.038, 15.262 
-3.352, -2.356 
4.9, -6.46 
5.733, -4.867 
7.193, -5.45 
5.342, -2.388 
-15.439, 2.58 
0.294, 8.66 
-0.788, -6.531 
-0.088, 6.965 
0.209, 0.669 
4.905, -7.563 
1.708, -9.374 
-1.197, 2.861 
-4.39, 5.498 
3.356, 6.417 
-4.538, 5.406 
-11.577, -2.622 
1.34, -0.378 
0.766, -2.685 
4.49, 7.844 
-1.787, -0.516 
-11.133, -3.519 
-8.706, 1.523 
-1.709, -2.81 
-11.587, -4.11 
-0.5, -4.197 
-13.544, -4.302 
1.84, -4.006 
6.636, 7.074 
-5.212, -4.006 
-5.267, 10.173 
-2.565, -7.195 
-0.883, -5.449 
5.652, -3.626 
6.908, -2.685 
0.568, 1.534 
-2.217, -5.507 
-7.661, 0.817 
7.722, -1.535 
-19.765, -4.88 
2.173, -2.352 
-5.203, 4.257 
1.006, -4.202 
-5.555, -0.78 
0.637, -0.078 
-2.166, 11.17 
7.062, -3.048 
-6.299, -6.885 
-7.48, -4.995 
-1.092, -1.4 
-1.873, 14.891 
4.184, 12.757 
-6.927, -8.307 
-14.309, -0.701 
1.001, -1.069 
-7.38, -0.811 
-8.184, 0.913 
-10.883, 2.589 
-3.527, -3.866 
-3.59, 9.021 
-19.02, 2.185 
-69.969, 177.225 
-0.053, -32.153 
-27.489, -23.626 
-51.722, -28.184 
-139.248, -66.099 
219.489, 92.693 
61.059, 23.827 
51.684, 8.49 
20.399, 14.26 
16.443, 15.204 
20.191, 11.36 
13.595, 5.577 
13.749, 6.227 
0.883, 13.443 
6.592, 19.385 
10.562, 5.279 
9.873, 5.092 
3.368, -10.775 
8.277, -9.565 
23.542, -3.564 
3.564, -1.169 
4.151, -4.206 
-1.626, -6.478 
0.012, 0.538 
9.132, 0.769 
-0.701, -10.672 
7.037, -1.447 
-1.536, -9.407 
-0.369, -3.963 
5.722, -2.909 
-10.064, 1.017 
4.714, -4.732 
14.827, 20.087 
4.397, 7.404 
4.072, 0.826 
18.258, -1.554 
0.361, -3.625 
-1.358, -4.084 
-6.491, 3.058 
1.302, -2.714 
6.506, 7.226 
0.377, -7.422 
-1.689, 3.296 
1.88, -1.217 
-1.277, -5.191 
12.01, -3.441 
1.551, 2.411 
-2.964, 5.944 
5.547, 12.758 
18.92, -10.009 
9.592, -0.757 
1.39, 7.217 
2.757, 6.387 
14.421, -8.203 
-5.589, -3.833 
-3.267, 8.405 
7.502, -4.651 
5.449, 3.642 
-0.422, 19.412 
2.962, -2.491 
-14.821, -0.165 
10.528, 9.403 
4.144, 0.183 
7.834, -3.871 
5.521, -7.747 
8.284, 3.543 
-7.75, 14.567 
-11.075, 10.123 
9.006, -4.76 
-3.236, 0.862 
-6.491, -2.015 
8.77, -1.1 
14.332, 1.634 
1.413, -4.271 
0.425, 0.568 
1.074, -5.035 
11.126, -11.068 
-2.776, -21.26 
5.655, -6.926 
-1.244, 9.005 
5.292, 5.62 
10.934, 5.309 
3.904, -7.077 
0.325, 2.015 
-0.519, 4.469 
-4.682, -1.056 
4.607, 1.075 
2.663, -5.7 
10.324, 18.097 
-5.146, -1.13 
2.21, 0.744 
2.564, -5.088 
2.279, -1.858 
-0.671, 1.609 
7.532, -4.907 
3.024, -1.414 
-8.33, 1.115 
12.938, 14.072 
9.225, -4.178 
4.567, 13.806 
9.332, -9.328 
6.122, -0.588 
2.466, -5.65 
-7.822, -3.065 
7.766, 5.73 
5.185, 3.178 
9.157, -11.274 
0.706, -8.13 
9.206, 11.135 
4.521, 0.45 
5.521, -1.033 
1.795, -3.84 
-8.91, -1.663 
-4.746, 3.181 
1.118, -3.576 
-1.971, -4.587 
-2.516, 10.892 
-3.251, -9.779 
11.98, -6.442 
4.272, 7.603 
-17.292, -9.147 
0.579, 6.247 
-3.806, 12.105 
13.739, -7.126 
5.432, 1.067 
5.356, -2.629 
11.58, 5.875 
3.143, -3.539 
11.506, -2.425 
0.189, 8.835 
-5.031, 0.003 
-3.763, 0.958 
11.617, 4.956 
8.249, 10.025 
-1.973, -14.408 
1.246, -3.432 
4.4, 4.667 
-10.065, 4.301 
3.681, -2.835 
4.879, 12.119 
-1.498, -2.21 
